637050	ENTEBBE				
5					
ENTEBBE	BEA	0.05	32.45	3761F	
ENTEBBE	GHCNv3G	0.05	32.45	1155M	
ENTEBBE	ColArchive	0.05	32.45	1155M	
ENTEBBE	GSOD	0.05	32.45	1155M	
ENTEBBE	NCARds512	0.05	32.755	1155M	
					
Tmax					
1900.04	-999.00	-999.00	-999.00	-999.00	-999.00
1900.13	-999.00	-999.00	-999.00	-999.00	-999.00
1900.21	-999.00	-999.00	-999.00	-999.00	-999.00
1900.29	-999.00	-999.00	-999.00	-999.00	-999.00
1900.38	-999.00	-999.00	-999.00	-999.00	-999.00
1900.46	-999.00	-999.00	-999.00	-999.00	-999.00
1900.54	-999.00	-999.00	-999.00	-999.00	-999.00
1900.63	-999.00	-999.00	-999.00	-999.00	-999.00
1900.71	-999.00	-999.00	-999.00	-999.00	-999.00
1900.79	-999.00	-999.00	-999.00	-999.00	-999.00
1900.88	-999.00	-999.00	-999.00	-999.00	-999.00
1900.96	-999.00	-999.00	-999.00	-999.00	-999.00
1901.04	26.89	26.70	26.70	-999.00	-999.00
1901.13	25.83	25.70	25.70	-999.00	-999.00
1901.21	25.56	25.40	25.40	-999.00	-999.00
1901.29	24.33	24.30	24.30	-999.00	-999.00
1901.38	25.00	25.00	25.00	-999.00	-999.00
1901.46	25.17	25.20	25.20	-999.00	-999.00
1901.54	25.11	25.10	25.10	-999.00	-999.00
1901.63	-999.00	27.30	27.30	-999.00	-999.00
1901.71	28.89	29.00	29.00	-999.00	-999.00
1901.79	29.28	29.20	29.20	-999.00	-999.00
1901.88	-999.00	29.20	29.20	-999.00	-999.00
1901.96	28.39	28.40	28.40	-999.00	-999.00
1902.04	27.89	-999.00	27.90	-999.00	-999.00
1902.13	27.67	-999.00	27.70	-999.00	-999.00
1902.21	27.83	-999.00	27.90	-999.00	-999.00
1902.29	26.39	-999.00	26.40	-999.00	-999.00
1902.38	26.00	-999.00	26.00	-999.00	-999.00
1902.46	26.50	-999.00	26.40	-999.00	-999.00
1902.54	24.94	-999.00	24.90	-999.00	-999.00
1902.63	26.00	-999.00	25.90	-999.00	-999.00
1902.71	26.06	-999.00	26.10	-999.00	-999.00
1902.79	26.06	-999.00	26.10	-999.00	-999.00
1902.88	25.50	-999.00	25.50	-999.00	-999.00
1902.96	24.72	-999.00	24.90	-999.00	-999.00
1903.04	25.78	25.80	25.80	-999.00	-999.00
1903.13	27.56	27.50	27.50	-999.00	-999.00
1903.21	26.61	26.30	26.30	-999.00	-999.00
1903.29	25.06	25.10	25.10	-999.00	-999.00
1903.38	24.61	24.60	24.60	-999.00	-999.00
1903.46	23.28	23.30	23.30	-999.00	-999.00
1903.54	23.56	23.60	23.60	-999.00	-999.00
1903.63	24.72	24.70	24.70	-999.00	-999.00
1903.71	24.17	24.20	24.20	-999.00	-999.00
1903.79	24.56	24.60	24.60	-999.00	-999.00
1903.88	24.78	24.80	24.80	-999.00	-999.00
1903.96	25.00	25.00	25.00	-999.00	-999.00
1904.04	25.89	-999.00	25.90	-999.00	-999.00
1904.13	25.39	-999.00	25.40	-999.00	-999.00
1904.21	-999.00	-999.00	24.00	-999.00	-999.00
1904.29	24.11	-999.00	24.10	-999.00	-999.00
1904.38	23.50	-999.00	23.50	-999.00	-999.00
1904.46	23.67	-999.00	23.70	-999.00	-999.00
1904.54	23.67	-999.00	23.70	-999.00	-999.00
1904.63	23.78	-999.00	23.80	-999.00	-999.00
1904.71	25.00	-999.00	25.00	-999.00	-999.00
1904.79	26.22	-999.00	26.20	-999.00	-999.00
1904.88	25.06	-999.00	25.10	-999.00	-999.00
1904.96	24.22	-999.00	24.20	-999.00	-999.00
1905.04	25.61	25.60	25.60	-999.00	-999.00
1905.13	27.28	27.30	27.30	-999.00	-999.00
1905.21	24.89	24.90	24.90	-999.00	-999.00
1905.29	25.06	25.10	25.10	-999.00	-999.00
1905.38	24.33	24.30	24.30	-999.00	-999.00
1905.46	25.28	25.30	25.30	-999.00	-999.00
1905.54	23.89	23.90	23.90	-999.00	-999.00
1905.62	24.33	24.30	24.30	-999.00	-999.00
1905.71	26.44	26.40	26.40	-999.00	-999.00
1905.79	25.72	25.70	25.70	-999.00	-999.00
1905.87	24.78	24.60	24.60	-999.00	-999.00
1905.96	24.72	24.70	24.70	-999.00	-999.00
1906.04	26.72	26.70	26.70	-999.00	-999.00
1906.12	25.28	25.30	25.30	-999.00	-999.00
1906.21	25.22	25.30	25.30	-999.00	-999.00
1906.29	24.89	24.90	24.90	-999.00	-999.00
1906.37	25.33	25.10	25.10	-999.00	-999.00
1906.46	24.17	24.00	24.00	-999.00	-999.00
1906.54	24.50	24.50	24.50	-999.00	-999.00
1906.62	24.33	24.30	24.30	-999.00	-999.00
1906.71	25.11	25.10	25.10	-999.00	-999.00
1906.79	25.94	25.90	25.90	-999.00	-999.00
1906.87	26.50	26.50	26.50	-999.00	-999.00
1906.96	26.11	26.10	26.10	-999.00	-999.00
1907.04	26.61	26.60	26.60	-999.00	-999.00
1907.12	25.44	26.60	26.60	-999.00	-999.00
1907.21	28.28	28.20	28.20	-999.00	-999.00
1907.29	24.39	24.40	24.40	-999.00	-999.00
1907.37	24.89	24.60	24.60	-999.00	-999.00
1907.46	24.50	24.50	24.50	-999.00	-999.00
1907.54	23.44	23.40	23.40	-999.00	-999.00
1907.62	24.61	24.60	24.60	-999.00	-999.00
1907.71	26.39	26.40	26.40	-999.00	-999.00
1907.79	26.94	26.90	26.90	-999.00	-999.00
1907.87	26.83	26.80	26.80	-999.00	-999.00
1907.96	26.28	26.30	26.30	-999.00	-999.00
1908.04	27.39	27.30	27.30	-999.00	-999.00
1908.12	26.17	26.20	26.20	-999.00	-999.00
1908.21	27.89	27.90	27.90	-999.00	-999.00
1908.29	25.50	25.50	25.50	-999.00	-999.00
1908.37	23.78	23.80	23.80	-999.00	-999.00
1908.46	23.67	23.70	23.70	-999.00	-999.00
1908.54	23.50	23.50	23.50	-999.00	-999.00
1908.62	23.83	23.80	23.80	-999.00	-999.00
1908.71	26.06	26.10	26.10	-999.00	-999.00
1908.79	26.06	26.10	26.10	-999.00	-999.00
1908.87	26.00	26.00	26.00	-999.00	-999.00
1908.96	25.61	25.60	25.60	-999.00	-999.00
1909.04	26.78	26.80	26.80	-999.00	-999.00
1909.12	28.06	28.10	28.10	-999.00	-999.00
1909.21	26.67	26.70	26.70	-999.00	-999.00
1909.29	24.50	24.50	24.50	-999.00	-999.00
1909.37	24.83	24.80	24.80	-999.00	-999.00
1909.46	24.89	24.90	24.90	-999.00	-999.00
1909.54	25.28	25.30	25.30	-999.00	-999.00
1909.62	24.56	24.60	24.60	-999.00	-999.00
1909.71	24.83	24.80	24.80	-999.00	-999.00
1909.79	26.00	26.00	26.00	-999.00	-999.00
1909.87	25.83	25.80	25.80	-999.00	-999.00
1909.96	25.78	25.80	25.80	-999.00	-999.00
1910.04	26.61	26.90	26.90	-999.00	-999.00
1910.12	26.56	26.90	26.90	-999.00	-999.00
1910.21	25.78	26.20	26.20	-999.00	-999.00
1910.29	25.00	25.20	25.20	-999.00	-999.00
1910.37	24.28	24.70	24.70	-999.00	-999.00
1910.46	24.78	25.20	25.20	-999.00	-999.00
1910.54	24.61	24.90	24.90	-999.00	-999.00
1910.62	24.89	25.00	25.00	-999.00	-999.00
1910.71	25.44	25.70	25.70	-999.00	-999.00
1910.79	26.61	27.10	27.10	-999.00	-999.00
1910.87	26.22	26.30	26.30	-999.00	-999.00
1910.96	26.33	26.30	26.30	-999.00	-999.00
1911.04	26.83	26.80	26.80	-999.00	-999.00
1911.12	27.50	27.50	27.50	-999.00	-999.00
1911.21	26.11	26.10	26.10	-999.00	-999.00
1911.29	24.50	24.50	24.50	-999.00	-999.00
1911.37	24.89	24.90	24.90	-999.00	-999.00
1911.46	25.22	25.20	25.20	-999.00	-999.00
1911.54	25.00	25.00	25.00	-999.00	-999.00
1911.62	24.39	24.40	24.40	-999.00	-999.00
1911.71	25.78	25.80	25.80	-999.00	-999.00
1911.79	27.28	27.30	27.30	-999.00	-999.00
1911.87	25.50	25.50	25.50	-999.00	-999.00
1911.96	27.83	27.80	27.80	-999.00	-999.00
1912.04	27.61	27.60	27.60	-999.00	-999.00
1912.12	26.44	26.40	26.40	-999.00	-999.00
1912.21	26.11	26.10	26.10	-999.00	-999.00
1912.29	25.67	25.70	25.70	-999.00	-999.00
1912.37	26.06	26.10	26.10	-999.00	-999.00
1912.46	25.22	25.20	25.20	-999.00	-999.00
1912.54	25.22	25.20	25.20	-999.00	-999.00
1912.62	25.17	25.20	25.20	-999.00	-999.00
1912.71	26.39	26.40	26.40	-999.00	-999.00
1912.79	27.22	27.20	27.20	-999.00	-999.00
1912.87	26.56	26.60	26.60	-999.00	-999.00
1912.96	26.22	26.20	26.20	-999.00	-999.00
1913.04	26.72	26.70	26.70	-999.00	-999.00
1913.12	26.72	26.70	26.70	-999.00	-999.00
1913.21	26.11	26.10	26.10	-999.00	-999.00
1913.29	25.61	25.60	25.60	-999.00	-999.00
1913.37	25.78	25.80	25.80	-999.00	-999.00
1913.46	25.00	25.50	25.50	-999.00	-999.00
1913.54	25.61	25.60	25.60	-999.00	-999.00
1913.62	25.50	25.50	25.50	-999.00	-999.00
1913.71	26.89	26.90	26.90	-999.00	-999.00
1913.79	27.67	27.70	27.70	-999.00	-999.00
1913.87	27.78	27.80	27.80	-999.00	-999.00
1913.96	28.28	28.30	28.30	-999.00	-999.00
1914.04	25.56	25.60	25.60	-999.00	-999.00
1914.12	27.28	27.30	27.30	-999.00	-999.00
1914.21	25.83	25.80	25.80	-999.00	-999.00
1914.29	26.39	26.40	26.40	-999.00	-999.00
1914.37	25.17	25.20	25.20	-999.00	-999.00
1914.46	25.33	25.30	25.30	-999.00	-999.00
1914.54	24.89	24.90	24.90	-999.00	-999.00
1914.62	25.33	25.30	25.30	-999.00	-999.00
1914.71	26.11	26.10	26.10	-999.00	-999.00
1914.79	26.50	26.50	26.50	-999.00	-999.00
1914.87	26.06	26.10	26.10	-999.00	-999.00
1914.96	25.56	26.10	26.10	-999.00	-999.00
1915.04	26.94	26.90	26.90	-999.00	-999.00
1915.12	27.50	27.50	27.50	-999.00	-999.00
1915.21	26.67	26.70	26.70	-999.00	-999.00
1915.29	26.44	26.40	26.40	-999.00	-999.00
1915.37	25.83	25.80	25.80	-999.00	-999.00
1915.46	25.61	25.60	25.60	-999.00	-999.00
1915.54	26.06	26.10	26.10	-999.00	-999.00
1915.62	26.00	26.00	26.00	-999.00	-999.00
1915.71	26.50	26.50	26.50	-999.00	-999.00
1915.79	26.61	26.60	26.60	-999.00	-999.00
1915.87	26.50	26.50	26.50	-999.00	-999.00
1915.96	26.28	26.30	26.30	-999.00	-999.00
1916.04	26.50	26.50	26.50	-999.00	-999.00
1916.12	26.50	26.50	26.50	-999.00	-999.00
1916.21	26.44	26.40	26.40	-999.00	-999.00
1916.29	26.11	26.10	26.10	-999.00	-999.00
1916.37	26.00	26.00	26.00	-999.00	-999.00
1916.46	25.78	25.80	25.80	-999.00	-999.00
1916.54	25.61	25.60	25.60	-999.00	-999.00
1916.62	25.28	25.30	25.30	-999.00	-999.00
1916.71	25.56	25.60	25.60	-999.00	-999.00
1916.79	26.11	26.10	26.10	-999.00	-999.00
1916.87	26.17	26.20	26.20	-999.00	-999.00
1916.96	26.22	26.20	26.20	-999.00	-999.00
1917.04	26.50	26.50	26.50	-999.00	-999.00
1917.12	25.56	25.60	25.60	-999.00	-999.00
1917.21	26.78	26.80	26.80	-999.00	-999.00
1917.29	25.83	25.80	25.80	-999.00	-999.00
1917.37	25.78	25.80	25.80	-999.00	-999.00
1917.46	26.50	26.50	26.50	-999.00	-999.00
1917.54	26.89	26.90	26.90	-999.00	-999.00
1917.62	25.94	25.90	25.90	-999.00	-999.00
1917.71	26.83	26.80	26.80	-999.00	-999.00
1917.79	26.56	26.60	26.60	-999.00	-999.00
1917.87	27.56	27.60	27.60	-999.00	-999.00
1917.96	27.11	27.10	27.10	-999.00	-999.00
1918.04	26.83	26.80	26.80	-999.00	-999.00
1918.12	27.56	27.60	27.60	-999.00	-999.00
1918.21	27.83	27.80	27.80	-999.00	-999.00
1918.29	25.89	25.90	25.90	-999.00	-999.00
1918.37	25.61	25.60	25.60	-999.00	-999.00
1918.46	24.33	24.30	24.30	-999.00	-999.00
1918.54	24.67	24.70	24.70	-999.00	-999.00
1918.62	25.17	25.20	25.20	-999.00	-999.00
1918.71	26.83	26.80	26.80	-999.00	-999.00
1918.79	27.39	27.40	27.40	-999.00	-999.00
1918.87	26.39	26.40	26.40	-999.00	-999.00
1918.96	27.39	27.40	27.40	-999.00	-999.00
1919.04	28.17	28.20	28.20	-999.00	-999.00
1919.12	26.78	26.80	26.80	-999.00	-999.00
1919.21	26.94	26.90	26.90	-999.00	-999.00
1919.29	26.61	26.60	26.60	-999.00	-999.00
1919.37	25.78	25.80	25.80	-999.00	-999.00
1919.46	25.17	25.20	25.20	-999.00	-999.00
1919.54	24.00	24.00	24.00	-999.00	-999.00
1919.62	25.56	25.60	25.60	-999.00	-999.00
1919.71	26.17	26.20	26.20	-999.00	-999.00
1919.79	27.11	27.10	27.10	-999.00	-999.00
1919.87	25.28	25.30	25.30	-999.00	-999.00
1919.96	27.06	27.10	27.10	-999.00	-999.00
1920.04	26.83	26.80	26.80	-999.00	-999.00
1920.12	27.44	27.40	27.40	-999.00	-999.00
1920.21	25.78	25.80	25.80	-999.00	-999.00
1920.29	25.67	25.70	25.70	-999.00	-999.00
1920.37	24.61	24.60	24.60	-999.00	-999.00
1920.46	24.94	24.90	24.90	-999.00	-999.00
1920.54	24.22	24.20	24.20	-999.00	-999.00
1920.62	24.78	24.80	24.80	-999.00	-999.00
1920.71	26.17	26.20	26.20	-999.00	-999.00
1920.79	26.50	26.50	26.50	-999.00	-999.00
1920.87	26.17	26.20	26.20	-999.00	-999.00
1920.96	25.39	25.40	25.40	-999.00	-999.00
1921.04	26.06	26.10	26.10	-999.00	-999.00
1921.12	25.72	25.70	25.70	-999.00	-999.00
1921.21	26.33	26.30	26.30	-999.00	-999.00
1921.29	26.06	26.10	26.10	-999.00	-999.00
1921.37	25.06	25.30	25.30	-999.00	-999.00
1921.46	24.61	24.60	24.60	-999.00	-999.00
1921.54	24.22	24.20	24.20	-999.00	-999.00
1921.62	24.50	24.50	24.50	-999.00	-999.00
1921.71	25.72	25.70	25.70	-999.00	-999.00
1921.79	26.17	26.20	26.20	-999.00	-999.00
1921.87	26.28	26.30	26.30	-999.00	-999.00
1921.96	26.39	26.40	26.40	-999.00	-999.00
1922.04	26.44	26.40	26.40	-999.00	-999.00
1922.12	26.56	26.60	26.60	-999.00	-999.00
1922.21	25.06	25.10	25.10	-999.00	-999.00
1922.29	25.83	25.80	25.80	-999.00	-999.00
1922.37	24.89	24.90	24.90	-999.00	-999.00
1922.46	24.89	24.90	24.90	-999.00	-999.00
1922.54	24.83	24.80	24.80	-999.00	-999.00
1922.62	24.33	24.30	24.30	-999.00	-999.00
1922.71	25.33	25.30	25.30	-999.00	-999.00
1922.79	25.94	25.90	25.90	-999.00	-999.00
1922.87	26.33	26.30	26.30	-999.00	-999.00
1922.96	26.22	26.20	26.20	-999.00	-999.00
1923.04	27.56	27.60	27.60	-999.00	-999.00
1923.12	25.78	25.80	25.80	-999.00	-999.00
1923.21	27.00	27.00	27.00	-999.00	-999.00
1923.29	25.00	25.00	25.00	-999.00	-999.00
1923.37	24.17	24.20	24.20	-999.00	-999.00
1923.46	25.33	25.30	25.30	-999.00	-999.00
1923.54	24.17	24.20	24.20	-999.00	-999.00
1923.62	24.50	24.50	24.50	-999.00	-999.00
1923.71	25.39	25.40	25.40	-999.00	-999.00
1923.79	26.11	26.10	26.10	-999.00	-999.00
1923.87	26.22	26.20	26.20	-999.00	-999.00
1923.96	26.50	26.50	26.50	-999.00	-999.00
1924.04	27.56	27.60	27.60	-999.00	-999.00
1924.12	26.00	26.00	26.00	-999.00	-999.00
1924.21	27.67	27.70	27.70	-999.00	-999.00
1924.29	25.61	25.60	25.60	-999.00	-999.00
1924.37	25.67	25.70	25.70	-999.00	-999.00
1924.46	26.00	26.00	26.00	-999.00	-999.00
1924.54	25.28	25.30	25.30	-999.00	-999.00
1924.62	24.17	24.20	24.20	-999.00	-999.00
1924.71	26.33	26.30	26.30	-999.00	-999.00
1924.79	26.33	26.30	26.30	-999.00	-999.00
1924.87	26.39	26.40	26.40	-999.00	-999.00
1924.96	26.94	26.90	26.90	-999.00	-999.00
1925.04	25.83	25.80	25.80	-999.00	-999.00
1925.12	26.50	26.50	26.50	-999.00	-999.00
1925.21	25.72	25.70	25.70	-999.00	-999.00
1925.29	26.50	26.50	26.50	-999.00	-999.00
1925.37	25.50	25.50	25.50	-999.00	-999.00
1925.46	24.56	24.60	24.60	-999.00	-999.00
1925.54	25.22	25.20	25.20	-999.00	-999.00
1925.62	25.61	25.60	25.60	-999.00	-999.00
1925.71	26.72	26.70	26.70	-999.00	-999.00
1925.79	27.06	27.10	27.10	-999.00	-999.00
1925.87	25.61	25.60	25.60	-999.00	-999.00
1925.96	26.06	26.10	26.10	-999.00	-999.00
1926.04	26.94	26.90	26.90	-999.00	-999.00
1926.12	26.89	26.90	26.90	-999.00	-999.00
1926.21	26.67	26.70	26.70	-999.00	-999.00
1926.29	25.78	25.80	25.80	-999.00	-999.00
1926.37	25.39	25.40	25.40	-999.00	-999.00
1926.46	25.67	25.70	25.70	-999.00	-999.00
1926.54	26.56	26.60	26.60	-999.00	-999.00
1926.62	25.39	25.40	25.40	-999.00	-999.00
1926.71	25.78	25.80	25.80	-999.00	-999.00
1926.79	26.94	26.90	26.90	-999.00	-999.00
1926.87	27.17	27.20	27.20	-999.00	-999.00
1926.96	27.22	27.20	27.20	-999.00	-999.00
1927.04	27.50	27.50	27.50	-999.00	-999.00
1927.12	27.89	27.90	27.90	-999.00	-999.00
1927.21	27.28	27.30	27.30	-999.00	-999.00
1927.29	27.33	27.30	27.30	-999.00	-999.00
1927.37	26.67	26.70	26.70	-999.00	-999.00
1927.46	25.44	25.40	25.40	-999.00	-999.00
1927.54	25.17	25.20	25.20	-999.00	-999.00
1927.62	25.89	25.90	25.90	-999.00	-999.00
1927.71	26.28	26.30	26.30	-999.00	-999.00
1927.79	27.72	27.70	27.70	-999.00	-999.00
1927.87	27.50	27.50	27.50	-999.00	-999.00
1927.96	27.00	27.00	27.00	-999.00	-999.00
1928.04	28.33	28.30	28.30	-999.00	-999.00
1928.12	28.28	28.30	28.30	-999.00	-999.00
1928.21	27.17	27.20	27.20	-999.00	-999.00
1928.29	25.00	25.00	25.00	-999.00	-999.00
1928.37	24.39	24.40	24.40	-999.00	-999.00
1928.46	24.72	24.70	24.70	-999.00	-999.00
1928.54	24.94	24.90	24.90	-999.00	-999.00
1928.62	24.89	24.90	24.90	-999.00	-999.00
1928.71	26.44	26.40	26.40	-999.00	-999.00
1928.79	26.39	26.40	26.40	-999.00	-999.00
1928.87	26.33	26.30	26.30	-999.00	-999.00
1928.96	26.33	26.30	26.30	-999.00	-999.00
1929.04	27.50	27.50	27.50	-999.00	-999.00
1929.12	28.61	28.60	28.60	-999.00	-999.00
1929.21	26.61	26.60	26.60	-999.00	-999.00
1929.29	25.39	25.40	25.40	-999.00	-999.00
1929.37	26.00	26.00	26.00	-999.00	-999.00
1929.46	25.67	25.70	25.70	-999.00	-999.00
1929.54	24.89	24.90	24.90	-999.00	-999.00
1929.62	25.83	25.80	25.80	-999.00	-999.00
1929.71	26.72	26.70	26.70	-999.00	-999.00
1929.79	26.94	26.90	26.90	-999.00	-999.00
1929.87	26.78	26.80	26.80	-999.00	-999.00
1929.96	25.94	25.90	25.90	-999.00	-999.00
1930.04	26.06	26.10	26.10	-999.00	-999.00
1930.12	26.11	26.10	26.10	-999.00	-999.00
1930.21	25.83	25.80	25.80	-999.00	-999.00
1930.29	25.11	25.10	25.10	-999.00	-999.00
1930.37	24.94	24.90	24.90	-999.00	-999.00
1930.46	24.94	24.90	24.90	-999.00	-999.00
1930.54	25.11	25.10	25.10	-999.00	-999.00
1930.62	25.28	25.30	25.30	-999.00	-999.00
1930.71	26.33	26.30	26.30	-999.00	-999.00
1930.79	26.28	26.30	26.30	-999.00	-999.00
1930.87	26.78	26.80	26.80	-999.00	-999.00
1930.96	26.28	26.30	26.30	-999.00	-999.00
1931.04	27.28	27.30	27.30	-999.00	-999.00
1931.12	28.06	28.10	28.10	-999.00	-999.00
1931.21	26.78	26.80	26.80	-999.00	-999.00
1931.29	26.17	26.20	26.20	-999.00	-999.00
1931.37	25.61	25.60	25.60	-999.00	-999.00
1931.46	25.61	25.60	25.60	-999.00	-999.00
1931.54	24.61	24.60	24.60	-999.00	-999.00
1931.62	25.33	25.30	25.30	-999.00	-999.00
1931.71	25.94	25.90	25.90	-999.00	-999.00
1931.79	26.61	26.60	26.60	-999.00	-999.00
1931.87	27.56	27.60	27.60	-999.00	-999.00
1931.96	26.17	26.20	26.20	-999.00	-999.00
1932.04	27.67	27.70	27.70	-999.00	-999.00
1932.12	26.83	26.80	26.80	-999.00	-999.00
1932.21	25.28	25.30	25.30	-999.00	-999.00
1932.29	26.17	26.20	26.20	-999.00	-999.00
1932.37	24.78	24.80	24.80	-999.00	-999.00
1932.46	24.94	24.90	24.90	-999.00	-999.00
1932.54	24.28	24.30	24.30	-999.00	-999.00
1932.62	24.89	24.90	24.90	-999.00	-999.00
1932.71	25.56	25.60	25.60	-999.00	-999.00
1932.79	27.00	27.00	27.00	-999.00	-999.00
1932.87	26.83	26.80	26.80	-999.00	-999.00
1932.96	26.50	26.50	26.50	-999.00	-999.00
1933.04	26.72	26.70	26.70	-999.00	-999.00
1933.12	26.11	26.10	26.10	-999.00	-999.00
1933.21	26.39	26.40	26.40	-999.00	-999.00
1933.29	26.17	26.20	26.20	-999.00	-999.00
1933.37	25.39	25.40	25.40	-999.00	-999.00
1933.46	25.56	25.60	25.60	-999.00	-999.00
1933.54	24.78	24.80	24.80	-999.00	-999.00
1933.62	25.22	25.20	25.20	-999.00	-999.00
1933.71	25.33	25.30	25.30	-999.00	-999.00
1933.79	25.72	25.70	25.70	-999.00	-999.00
1933.87	26.56	26.60	26.60	-999.00	-999.00
1933.96	25.61	25.60	25.60	-999.00	-999.00
1934.04	27.17	27.20	27.20	-999.00	-999.00
1934.12	27.56	27.60	27.60	-999.00	-999.00
1934.21	26.17	26.20	26.20	-999.00	-999.00
1934.29	25.17	25.20	25.20	-999.00	-999.00
1934.37	25.11	25.10	25.10	-999.00	-999.00
1934.46	24.67	24.70	24.70	-999.00	-999.00
1934.54	24.72	24.70	24.70	-999.00	-999.00
1934.62	25.06	25.10	25.10	-999.00	-999.00
1934.71	26.39	26.40	26.40	-999.00	-999.00
1934.79	26.11	26.10	26.10	-999.00	-999.00
1934.87	26.06	26.10	26.10	-999.00	-999.00
1934.96	26.00	26.00	26.00	-999.00	-999.00
1935.04	27.83	27.80	27.80	-999.00	-999.00
1935.12	25.72	25.70	25.70	-999.00	-999.00
1935.21	26.44	26.40	26.40	-999.00	-999.00
1935.29	25.72	25.70	25.70	-999.00	-999.00
1935.37	24.61	24.60	24.60	-999.00	-999.00
1935.46	24.33	24.30	24.30	-999.00	-999.00
1935.54	24.89	24.90	24.90	-999.00	-999.00
1935.62	25.17	25.20	25.20	-999.00	-999.00
1935.71	26.17	26.20	26.20	-999.00	-999.00
1935.79	26.28	26.30	26.30	-999.00	-999.00
1935.87	26.61	26.60	26.60	-999.00	-999.00
1935.96	25.94	25.90	25.90	-999.00	-999.00
1936.04	25.44	25.40	25.40	-999.00	-999.00
1936.12	25.00	25.00	25.00	-999.00	-999.00
1936.21	26.22	26.20	26.20	-999.00	-999.00
1936.29	25.00	25.00	25.00	-999.00	-999.00
1936.37	25.61	25.60	25.60	-999.00	-999.00
1936.46	24.39	24.40	24.40	-999.00	-999.00
1936.54	24.33	24.30	24.30	-999.00	-999.00
1936.62	25.33	25.30	25.30	-999.00	-999.00
1936.71	25.33	25.30	25.30	-999.00	-999.00
1936.79	26.72	26.70	26.70	-999.00	-999.00
1936.87	26.61	26.60	26.60	-999.00	-999.00
1936.96	25.44	25.40	25.40	-999.00	-999.00
1937.04	26.89	26.90	26.90	-999.00	-999.00
1937.12	26.33	26.20	26.20	-999.00	-999.00
1937.21	25.83	25.80	25.80	-999.00	-999.00
1937.29	25.33	25.30	25.30	-999.00	-999.00
1937.37	24.56	24.60	24.60	-999.00	-999.00
1937.46	24.44	24.40	24.40	-999.00	-999.00
1937.54	24.44	24.40	24.40	-999.00	-999.00
1937.62	24.94	24.90	24.90	-999.00	-999.00
1937.71	26.50	26.50	26.50	-999.00	-999.00
1937.79	26.00	26.00	26.00	-999.00	-999.00
1937.87	25.50	25.50	25.50	-999.00	-999.00
1937.96	25.72	-999.00	25.70	-999.00	-999.00
1938.04	27.33	27.30	27.30	-999.00	-999.00
1938.12	27.28	27.30	27.30	-999.00	-999.00
1938.21	25.67	25.70	25.70	-999.00	-999.00
1938.29	25.56	25.60	25.60	-999.00	-999.00
1938.37	25.00	25.00	25.00	-999.00	-999.00
1938.46	24.22	24.20	24.20	-999.00	-999.00
1938.54	24.33	24.30	24.30	-999.00	-999.00
1938.62	25.06	25.10	25.10	-999.00	-999.00
1938.71	25.67	25.70	25.70	-999.00	-999.00
1938.79	25.78	25.80	25.80	-999.00	-999.00
1938.87	25.89	-999.00	-999.00	-999.00	-999.00
1938.96	26.39	-999.00	-999.00	-999.00	-999.00
1939.04	-999.00	26.80	26.80	-999.00	-999.00
1939.12	-999.00	26.70	26.70	-999.00	-999.00
1939.21	-999.00	26.60	26.60	-999.00	-999.00
1939.29	-999.00	25.30	25.30	-999.00	-999.00
1939.37	-999.00	25.10	25.10	-999.00	-999.00
1939.46	-999.00	24.90	24.90	-999.00	-999.00
1939.54	-999.00	25.40	25.40	-999.00	-999.00
1939.62	-999.00	25.30	25.30	-999.00	-999.00
1939.71	-999.00	25.70	25.70	-999.00	-999.00
1939.79	-999.00	26.40	26.40	-999.00	-999.00
1939.87	-999.00	25.80	25.80	-999.00	-999.00
1939.96	-999.00	26.30	26.30	-999.00	-999.00
1940.04	-999.00	25.30	25.30	-999.00	-999.00
1940.12	-999.00	25.90	25.90	-999.00	-999.00
1940.21	-999.00	25.50	25.50	-999.00	-999.00
1940.29	-999.00	25.30	25.30	-999.00	-999.00
1940.37	-999.00	25.40	25.40	-999.00	-999.00
1940.46	-999.00	25.30	25.30	-999.00	-999.00
1940.54	-999.00	24.10	24.10	-999.00	-999.00
1940.62	-999.00	24.90	24.90	-999.00	-999.00
1940.71	-999.00	25.80	25.80	-999.00	-999.00
1940.79	-999.00	26.70	26.70	-999.00	-999.00
1940.87	-999.00	25.70	25.70	-999.00	-999.00
1940.96	-999.00	26.70	26.70	-999.00	-999.00
1941.04	-999.00	26.60	26.60	-999.00	-999.00
1941.12	-999.00	28.30	28.30	-999.00	-999.00
1941.21	-999.00	28.20	28.20	-999.00	-999.00
1941.29	-999.00	26.60	26.60	-999.00	-999.00
1941.37	-999.00	25.80	25.80	-999.00	-999.00
1941.46	-999.00	25.70	25.70	-999.00	-999.00
1941.54	-999.00	24.90	24.90	-999.00	-999.00
1941.62	-999.00	25.30	25.30	-999.00	-999.00
1941.71	-999.00	26.40	26.40	-999.00	-999.00
1941.79	-999.00	27.00	27.00	-999.00	-999.00
1941.87	-999.00	24.70	24.70	-999.00	-999.00
1941.96	-999.00	24.90	24.90	-999.00	-999.00
1942.04	-999.00	28.30	28.30	-999.00	-999.00
1942.12	-999.00	28.30	28.30	-999.00	-999.00
1942.21	-999.00	28.20	28.20	-999.00	-999.00
1942.29	-999.00	26.60	26.60	-999.00	-999.00
1942.37	-999.00	25.80	25.80	-999.00	-999.00
1942.46	-999.00	25.70	25.70	-999.00	-999.00
1942.54	-999.00	24.90	24.90	-999.00	-999.00
1942.62	-999.00	25.30	25.30	-999.00	-999.00
1942.71	-999.00	26.40	26.40	-999.00	-999.00
1942.79	-999.00	27.00	27.00	-999.00	-999.00
1942.87	-999.00	24.70	24.70	-999.00	-999.00
1942.96	-999.00	24.90	24.90	-999.00	-999.00
1943.04	27.33	27.30	27.30	-999.00	-999.00
1943.12	26.39	26.40	26.40	-999.00	-999.00
1943.21	26.39	26.40	26.40	-999.00	-999.00
1943.29	24.89	24.90	24.90	-999.00	-999.00
1943.37	24.83	24.80	24.80	-999.00	-999.00
1943.46	23.89	23.90	23.90	-999.00	-999.00
1943.54	24.11	24.10	24.10	-999.00	-999.00
1943.62	24.44	24.40	24.40	-999.00	-999.00
1943.71	25.33	25.30	25.30	-999.00	-999.00
1943.79	25.89	25.90	25.90	-999.00	-999.00
1943.87	26.56	26.60	26.60	-999.00	-999.00
1943.96	26.28	26.30	26.30	-999.00	-999.00
1944.04	26.39	-999.00	17.60	-999.00	-999.00
1944.12	26.44	-999.00	17.30	-999.00	-999.00
1944.21	25.89	-999.00	17.90	-999.00	-999.00
1944.29	24.72	-999.00	18.20	-999.00	-999.00
1944.37	24.50	-999.00	17.90	-999.00	-999.00
1944.46	25.11	-999.00	17.30	-999.00	-999.00
1944.54	24.39	-999.00	16.70	-999.00	-999.00
1944.62	24.61	-999.00	16.60	-999.00	-999.00
1944.71	25.11	-999.00	16.80	-999.00	-999.00
1944.79	25.83	-999.00	17.90	-999.00	-999.00
1944.87	25.28	-999.00	17.60	-999.00	-999.00
1944.96	25.61	-999.00	17.80	-999.00	-999.00
1945.04	26.28	26.30	26.30	-999.00	-999.00
1945.12	26.39	26.40	26.40	-999.00	-999.00
1945.21	26.72	26.70	26.70	-999.00	-999.00
1945.29	24.94	26.10	26.10	-999.00	-999.00
1945.37	24.28	24.30	24.30	-999.00	-999.00
1945.46	24.67	24.70	24.70	-999.00	-999.00
1945.54	23.94	23.90	23.90	-999.00	-999.00
1945.62	24.33	24.30	24.30	-999.00	-999.00
1945.71	25.22	25.20	25.20	-999.00	-999.00
1945.79	25.89	25.90	25.90	-999.00	-999.00
1945.87	25.83	25.80	25.80	-999.00	-999.00
1945.96	25.72	25.70	25.70	-999.00	-999.00
1946.04	27.50	26.80	26.80	-999.00	-999.00
1946.12	29.11	28.30	28.30	-999.00	-999.00
1946.21	27.78	27.20	27.20	-999.00	-999.00
1946.29	25.72	25.30	25.30	-999.00	-999.00
1946.37	25.39	24.80	24.80	-999.00	-999.00
1946.46	24.78	24.10	24.10	-999.00	-999.00
1946.54	25.39	24.60	24.60	-999.00	-999.00
1946.62	24.39	23.90	23.90	-999.00	-999.00
1946.71	25.61	25.10	25.10	-999.00	-999.00
1946.79	26.44	25.40	25.40	-999.00	-999.00
1946.87	26.11	25.30	25.30	-999.00	-999.00
1946.96	26.33	25.50	25.50	-999.00	-999.00
1947.04	25.83	25.80	25.80	-999.00	-999.00
1947.12	25.50	25.50	25.50	-999.00	-999.00
1947.21	25.61	25.60	25.60	-999.00	-999.00
1947.29	25.06	25.10	25.10	-999.00	-999.00
1947.37	24.89	24.90	24.90	-999.00	-999.00
1947.46	25.22	25.20	25.20	-999.00	-999.00
1947.54	24.89	24.90	24.90	-999.00	-999.00
1947.62	24.83	24.80	24.80	-999.00	-999.00
1947.71	25.22	25.20	25.20	-999.00	-999.00
1947.79	26.56	26.60	26.60	-999.00	-999.00
1947.87	26.33	26.30	26.30	-999.00	-999.00
1947.96	25.50	25.50	25.50	-999.00	-999.00
1948.04	26.61	26.60	26.60	-999.00	-999.00
1948.12	27.33	27.30	27.30	-999.00	-999.00
1948.21	26.50	26.50	26.50	-999.00	-999.00
1948.29	25.83	25.80	25.80	-999.00	-999.00
1948.37	25.33	25.30	25.30	-999.00	-999.00
1948.46	24.11	24.10	24.10	-999.00	-999.00
1948.54	24.50	24.50	24.50	-999.00	-999.00
1948.62	24.89	24.90	24.90	-999.00	-999.00
1948.71	25.50	25.50	25.50	-999.00	-999.00
1948.79	26.00	26.00	26.00	-999.00	-999.00
1948.87	26.28	26.30	26.30	-999.00	-999.00
1948.96	26.33	26.30	26.30	-999.00	-999.00
1949.04	27.28	27.30	27.30	-999.00	-999.00
1949.12	26.39	26.40	26.40	-999.00	-999.00
1949.21	27.83	27.80	27.80	-999.00	-999.00
1949.29	25.94	25.90	25.90	-999.00	-999.00
1949.37	25.72	25.70	25.70	-999.00	-999.00
1949.46	25.11	25.10	25.10	-999.00	-999.00
1949.54	24.67	24.70	24.70	-999.00	-999.00
1949.62	25.33	25.30	25.30	-999.00	-999.00
1949.71	25.11	25.10	25.10	-999.00	-999.00
1949.79	26.06	26.10	26.10	-999.00	-999.00
1949.87	27.22	27.20	27.20	-999.00	-999.00
1949.96	25.61	25.60	25.60	-999.00	-999.00
1950.04	26.39	26.40	26.40	-999.00	-999.00
1950.12	27.11	27.10	27.10	-999.00	-999.00
1950.21	26.72	26.70	26.70	-999.00	-999.00
1950.29	25.33	25.30	25.30	-999.00	-999.00
1950.37	25.11	25.10	25.10	-999.00	-999.00
1950.46	25.00	25.00	25.00	-999.00	-999.00
1950.54	23.94	23.90	23.90	-999.00	-999.00
1950.62	24.78	24.80	24.80	-999.00	-999.00
1950.71	24.78	24.80	24.80	-999.00	-999.00
1950.79	25.72	25.70	25.70	-999.00	-999.00
1950.87	26.67	26.70	26.70	-999.00	-999.00
1950.96	26.17	26.20	26.20	-999.00	-999.00
1951.04	26.39	-999.00	26.40	-999.00	-999.00
1951.12	25.56	-999.00	25.60	-999.00	-999.00
1951.21	26.17	-999.00	26.20	-999.00	-999.00
1951.29	24.67	-999.00	24.70	-999.00	-999.00
1951.37	25.17	-999.00	25.20	-999.00	-999.00
1951.46	24.94	-999.00	24.90	-999.00	-999.00
1951.54	24.67	-999.00	24.70	-999.00	-999.00
1951.62	25.11	-999.00	25.10	-999.00	-999.00
1951.71	26.39	-999.00	26.40	-999.00	-999.00
1951.79	25.56	-999.00	25.60	-999.00	-999.00
1951.87	25.17	-999.00	25.20	-999.00	-999.00
1951.96	24.94	-999.00	24.90	-999.00	-999.00
1952.04	27.17	-999.00	27.20	-999.00	-999.00
1952.12	26.78	-999.00	26.80	-999.00	-999.00
1952.21	26.44	-999.00	26.40	-999.00	-999.00
1952.29	25.56	-999.00	25.60	-999.00	-999.00
1952.37	25.11	-999.00	25.10	-999.00	-999.00
1952.46	25.17	-999.00	25.20	-999.00	-999.00
1952.54	24.44	-999.00	24.40	-999.00	-999.00
1952.62	24.33	-999.00	24.30	-999.00	-999.00
1952.71	25.67	-999.00	25.70	-999.00	-999.00
1952.79	26.06	-999.00	26.10	-999.00	-999.00
1952.87	25.78	-999.00	25.80	-999.00	-999.00
1952.96	27.22	-999.00	27.20	-999.00	-999.00
1953.04	26.89	-999.00	26.90	-999.00	-999.00
1953.12	28.39	-999.00	28.40	-999.00	-999.00
1953.21	27.50	-999.00	27.50	-999.00	-999.00
1953.29	26.22	-999.00	26.20	-999.00	-999.00
1953.37	25.94	-999.00	25.90	-999.00	-999.00
1953.46	25.61	-999.00	25.60	-999.00	-999.00
1953.54	25.11	-999.00	25.10	-999.00	-999.00
1953.62	25.50	-999.00	25.50	-999.00	-999.00
1953.71	25.56	-999.00	25.60	-999.00	-999.00
1953.79	26.22	-999.00	26.20	-999.00	-999.00
1953.87	26.28	-999.00	26.30	-999.00	-999.00
1953.96	26.44	-999.00	26.40	-999.00	-999.00
1954.04	27.39	-999.00	27.40	-999.00	-999.00
1954.12	27.11	-999.00	27.10	-999.00	-999.00
1954.21	26.78	-999.00	26.80	-999.00	-999.00
1954.29	25.44	-999.00	25.40	-999.00	-999.00
1954.37	25.56	-999.00	25.60	-999.00	-999.00
1954.46	25.39	-999.00	25.40	-999.00	-999.00
1954.54	25.06	-999.00	25.10	-999.00	-999.00
1954.62	24.72	-999.00	24.70	-999.00	-999.00
1954.71	25.89	-999.00	25.90	-999.00	-999.00
1954.79	26.44	-999.00	26.40	-999.00	-999.00
1954.87	26.44	-999.00	26.40	-999.00	-999.00
1954.96	25.72	-999.00	25.70	-999.00	-999.00
1955.04	26.22	-999.00	26.20	-999.00	-999.00
1955.12	25.78	-999.00	25.80	-999.00	-999.00
1955.21	26.22	-999.00	26.20	-999.00	-999.00
1955.29	25.61	-999.00	25.60	-999.00	-999.00
1955.37	25.22	-999.00	25.20	-999.00	-999.00
1955.46	25.00	-999.00	25.00	-999.00	-999.00
1955.54	24.89	-999.00	24.90	-999.00	-999.00
1955.62	25.22	-999.00	25.20	-999.00	-999.00
1955.71	25.33	-999.00	25.30	-999.00	-999.00
1955.79	26.22	-999.00	26.20	-999.00	-999.00
1955.87	26.22	-999.00	26.20	-999.00	-999.00
1955.96	25.61	-999.00	25.60	-999.00	-999.00
1956.04	26.44	-999.00	26.40	-999.00	-999.00
1956.12	26.00	-999.00	26.00	-999.00	-999.00
1956.21	26.72	-999.00	26.70	-999.00	-999.00
1956.29	25.44	-999.00	25.40	-999.00	-999.00
1956.37	24.89	-999.00	24.90	-999.00	-999.00
1956.46	24.67	-999.00	24.70	-999.00	-999.00
1956.54	24.94	-999.00	24.90	-999.00	-999.00
1956.62	25.17	-999.00	25.20	-999.00	-999.00
1956.71	25.72	-999.00	25.70	-999.00	-999.00
1956.79	26.06	-999.00	26.10	-999.00	-999.00
1956.87	25.83	-999.00	25.80	-999.00	-999.00
1956.96	25.56	-999.00	25.60	-999.00	-999.00
1957.04	26.06	-999.00	26.10	26.48	-999.00
1957.12	26.72	-999.00	26.70	26.77	-999.00
1957.21	25.67	-999.00	25.70	26.01	-999.00
1957.29	25.39	-999.00	25.40	25.58	-999.00
1957.37	25.39	-999.00	25.40	25.66	-999.00
1957.46	25.50	-999.00	25.50	25.82	-999.00
1957.54	25.44	-999.00	25.50	25.37	-999.00
1957.62	25.28	-999.00	25.30	25.36	-999.00
1957.71	27.28	-999.00	27.30	27.12	-999.00
1957.79	27.39	-999.00	27.40	27.32	-999.00
1957.87	26.72	-999.00	26.70	26.86	-999.00
1957.96	26.28	-999.00	26.30	26.45	-999.00
1958.04	27.33	-999.00	29.10	27.23	-999.00
1958.12	27.00	-999.00	29.60	27.37	-999.00
1958.21	27.39	-999.00	29.40	27.65	-999.00
1958.29	26.83	-999.00	28.90	26.95	-999.00
1958.37	25.78	-999.00	26.80	26.01	-999.00
1958.46	24.89	-999.00	26.80	25.30	-999.00
1958.54	25.11	-999.00	26.70	25.16	-999.00
1958.62	25.50	-999.00	28.20	25.67	-999.00
1958.71	26.61	-999.00	29.80	26.85	-999.00
1958.79	27.06	-999.00	28.10	27.09	-999.00
1958.87	27.61	-999.00	29.90	27.84	-999.00
1958.96	25.78	-999.00	28.30	26.15	-999.00
1959.04	26.94	-999.00	30.30	27.44	-999.00
1959.12	27.39	-999.00	31.10	27.66	-999.00
1959.21	26.94	-999.00	29.50	27.10	-999.00
1959.29	26.39	-999.00	28.20	26.61	-999.00
1959.37	26.00	-999.00	28.00	26.06	-999.00
1959.46	25.89	-999.00	27.30	25.81	-999.00
1959.54	25.06	-999.00	27.10	25.07	-999.00
1959.62	25.06	-999.00	29.50	25.50	-999.00
1959.71	25.67	-999.00	28.70	25.83	-999.00
1959.79	25.89	-999.00	29.60	26.20	-999.00
1959.87	25.44	-999.00	27.90	25.58	-999.00
1959.96	26.56	-999.00	28.00	26.49	-999.00
1960.04	26.50	-999.00	29.80	26.66	-999.00
1960.12	26.11	-999.00	27.50	26.21	-999.00
1960.21	25.61	-999.00	27.60	25.71	-999.00
1960.29	25.72	-999.00	28.40	25.53	-999.00
1960.37	25.72	-999.00	28.20	25.78	-999.00
1960.46	25.61	-999.00	26.60	25.39	-999.00
1960.54	25.00	-999.00	27.80	24.78	-999.00
1960.62	26.00	-999.00	28.30	25.69	-999.00
1960.71	26.39	-999.00	29.80	26.14	-999.00
1960.79	26.50	-999.00	29.60	26.25	-999.00
1960.87	26.50	-999.00	27.80	26.32	-999.00
1960.96	27.61	-999.00	29.50	27.40	-999.00
1961.04	28.00	-999.00	29.80	27.84	-999.00
1961.12	26.50	-999.00	28.40	26.54	-999.00
1961.21	27.00	-999.00	30.00	26.85	-999.00
1961.29	26.40	-999.00	28.20	26.42	-999.00
1961.37	26.90	-999.00	29.20	26.53	-999.00
1961.46	25.70	-999.00	27.30	25.55	-999.00
1961.54	24.60	-999.00	26.70	24.62	-999.00
1961.62	25.00	-999.00	27.00	25.03	-999.00
1961.71	25.20	-999.00	26.60	25.29	-999.00
1961.79	25.60	-999.00	27.00	25.66	-999.00
1961.87	24.20	-999.00	27.60	24.38	-999.00
1961.96	25.30	-999.00	28.20	25.49	-999.00
1962.04	26.20	-999.00	29.50	-999.00	-999.00
1962.12	27.70	-999.00	30.40	-999.00	-999.00
1962.21	26.10	-999.00	27.70	-999.00	-999.00
1962.29	26.20	-999.00	27.70	-999.00	-999.00
1962.37	25.30	-999.00	27.10	-999.00	-999.00
1962.46	25.60	-999.00	27.60	-999.00	-999.00
1962.54	25.20	-999.00	27.50	-999.00	-999.00
1962.62	24.90	-999.00	26.60	-999.00	-999.00
1962.71	26.00	-999.00	27.70	-999.00	-999.00
1962.79	25.80	-999.00	27.50	-999.00	-999.00
1962.87	26.50	-999.00	28.90	-999.00	-999.00
1962.96	26.10	-999.00	28.10	-999.00	-999.00
1963.04	25.50	-999.00	-999.00	-999.00	-999.00
1963.12	26.20	-999.00	-999.00	-999.00	-999.00
1963.21	26.80	-999.00	-999.00	-999.00	-999.00
1963.29	25.70	-999.00	-999.00	-999.00	-999.00
1963.37	25.60	-999.00	-999.00	-999.00	-999.00
1963.46	25.70	-999.00	-999.00	-999.00	-999.00
1963.54	25.90	-999.00	-999.00	24.24	-999.00
1963.62	26.10	-999.00	-999.00	24.82	-999.00
1963.71	26.70	-999.00	-999.00	25.90	-999.00
1963.79	27.10	-999.00	-999.00	-999.00	-999.00
1963.87	25.40	-999.00	-999.00	-999.00	-999.00
1963.96	25.70	-999.00	-999.00	-999.00	-999.00
1964.04	27.60	-999.00	-999.00	-999.00	-999.00
1964.12	26.90	-999.00	-999.00	-999.00	-999.00
1964.21	26.90	-999.00	-999.00	26.64	-999.00
1964.29	25.70	-999.00	-999.00	24.84	-999.00
1964.37	25.80	-999.00	-999.00	24.61	-999.00
1964.46	25.90	-999.00	-999.00	24.36	-999.00
1964.54	24.60	-999.00	-999.00	23.57	-999.00
1964.62	25.00	-999.00	-999.00	23.53	-999.00
1964.71	26.20	-999.00	-999.00	24.82	-999.00
1964.79	25.50	-999.00	-999.00	24.63	-999.00
1964.87	26.70	-999.00	-999.00	25.85	-999.00
1964.96	25.60	-999.00	-999.00	24.89	-999.00
1965.04	26.80	-999.00	-999.00	26.13	-999.00
1965.12	27.10	-999.00	-999.00	26.46	-999.00
1965.21	25.90	-999.00	-999.00	25.48	-999.00
1965.29	26.00	-999.00	-999.00	25.32	-999.00
1965.37	25.80	-999.00	-999.00	25.30	-999.00
1965.46	26.40	-999.00	-999.00	25.93	-999.00
1965.54	25.30	-999.00	-999.00	24.62	-999.00
1965.62	25.60	-999.00	-999.00	24.92	-999.00
1965.71	26.40	-999.00	-999.00	25.93	-999.00
1965.79	26.00	-999.00	-999.00	25.30	-999.00
1965.87	26.10	-999.00	-999.00	25.24	-999.00
1965.96	27.20	-999.00	-999.00	25.38	-999.00
1966.04	27.20	-999.00	-999.00	26.92	-999.00
1966.12	26.80	-999.00	-999.00	25.87	-999.00
1966.21	26.50	-999.00	-999.00	26.44	-999.00
1966.29	26.20	-999.00	-999.00	-999.00	-999.00
1966.37	26.60	-999.00	-999.00	-999.00	-999.00
1966.46	25.80	-999.00	-999.00	25.44	-999.00
1966.54	25.70	-999.00	-999.00	25.02	-999.00
1966.62	26.70	-999.00	-999.00	25.84	-999.00
1966.71	26.50	-999.00	-999.00	26.00	-999.00
1966.79	26.50	-999.00	-999.00	26.01	-999.00
1966.87	26.10	-999.00	-999.00	25.14	-999.00
1966.96	26.70	-999.00	-999.00	26.48	-999.00
1967.04	27.60	-999.00	-999.00	-999.00	-999.00
1967.12	27.90	-999.00	-999.00	-999.00	-999.00
1967.21	27.20	-999.00	-999.00	-999.00	-999.00
1967.29	27.20	-999.00	-999.00	-999.00	-999.00
1967.37	25.90	-999.00	-999.00	-999.00	-999.00
1967.46	26.10	-999.00	-999.00	-999.00	-999.00
1967.54	25.30	-999.00	-999.00	-999.00	-999.00
1967.62	25.40	-999.00	-999.00	-999.00	-999.00
1967.71	26.20	-999.00	-999.00	-999.00	-999.00
1967.79	26.50	-999.00	-999.00	-999.00	-999.00
1967.87	26.20	-999.00	-999.00	-999.00	-999.00
1967.96	26.80	-999.00	-999.00	-999.00	-999.00
1968.04	27.80	-999.00	-999.00	-999.00	-999.00
1968.12	26.30	-999.00	-999.00	-999.00	-999.00
1968.21	26.10	-999.00	-999.00	-999.00	-999.00
1968.29	25.60	-999.00	-999.00	-999.00	-999.00
1968.37	24.90	-999.00	-999.00	-999.00	-999.00
1968.46	25.00	-999.00	-999.00	-999.00	-999.00
1968.54	24.90	-999.00	-999.00	-999.00	-999.00
1968.62	25.30	-999.00	-999.00	-999.00	-999.00
1968.71	26.30	-999.00	-999.00	-999.00	-999.00
1968.79	26.50	-999.00	-999.00	-999.00	-999.00
1968.87	26.00	-999.00	-999.00	-999.00	-999.00
1968.96	26.10	-999.00	-999.00	-999.00	-999.00
1969.04	25.70	-999.00	-999.00	-999.00	-999.00
1969.12	26.00	-999.00	-999.00	-999.00	-999.00
1969.21	26.60	-999.00	-999.00	-999.00	-999.00
1969.29	27.00	-999.00	-999.00	-999.00	-999.00
1969.37	25.70	-999.00	-999.00	-999.00	-999.00
1969.46	26.00	-999.00	-999.00	-999.00	-999.00
1969.54	25.20	-999.00	-999.00	-999.00	-999.00
1969.62	25.80	-999.00	-999.00	-999.00	-999.00
1969.71	26.90	-999.00	-999.00	-999.00	-999.00
1969.79	27.10	-999.00	-999.00	-999.00	-999.00
1969.87	26.40	-999.00	-999.00	-999.00	-999.00
1969.96	26.70	-999.00	-999.00	-999.00	-999.00
1970.04	25.00	-999.00	-999.00	-999.00	-999.00
1970.12	26.90	-999.00	-999.00	-999.00	-999.00
1970.21	25.80	-999.00	-999.00	-999.00	-999.00
1970.29	26.10	-999.00	-999.00	-999.00	-999.00
1970.37	25.40	-999.00	-999.00	-999.00	-999.00
1970.46	25.50	-999.00	-999.00	-999.00	-999.00
1970.54	25.20	-999.00	-999.00	-999.00	-999.00
1970.62	24.90	-999.00	-999.00	-999.00	-999.00
1970.71	26.20	-999.00	-999.00	-999.00	-999.00
1970.79	26.40	-999.00	-999.00	-999.00	-999.00
1970.87	25.80	-999.00	-999.00	-999.00	-999.00
1970.96	25.50	-999.00	-999.00	-999.00	-999.00
1971.04	26.90	-999.00	-999.00	-999.00	-999.00
1971.12	27.30	-999.00	-999.00	-999.00	-999.00
1971.21	27.20	-999.00	-999.00	-999.00	-999.00
1971.29	25.60	-999.00	-999.00	-999.00	-999.00
1971.37	25.40	-999.00	-999.00	-999.00	-999.00
1971.46	25.10	-999.00	-999.00	-999.00	-999.00
1971.54	24.90	-999.00	-999.00	-999.00	-999.00
1971.62	25.60	-999.00	-999.00	-999.00	-999.00
1971.71	26.00	-999.00	-999.00	-999.00	-999.00
1971.79	26.30	-999.00	-999.00	-999.00	-999.00
1971.87	26.20	-999.00	-999.00	-999.00	-999.00
1971.96	25.80	-999.00	-999.00	-999.00	-999.00
1972.04	26.30	-999.00	-999.00	-999.00	-999.00
1972.12	25.30	-999.00	-999.00	-999.00	-999.00
1972.21	26.40	-999.00	-999.00	-999.00	-999.00
1972.29	26.10	-999.00	-999.00	-999.00	-999.00
1972.37	24.80	-999.00	-999.00	-999.00	-999.00
1972.46	24.80	-999.00	-999.00	-999.00	-999.00
1972.54	25.20	-999.00	-999.00	-999.00	-999.00
1972.62	25.90	-999.00	-999.00	-999.00	-999.00
1972.71	26.60	-999.00	-999.00	-999.00	-999.00
1972.79	25.90	-999.00	-999.00	-999.00	-999.00
1972.87	25.10	-999.00	-999.00	-999.00	-999.00
1972.96	25.80	-999.00	-999.00	-999.00	-999.00
1973.04	26.10	-999.00	-999.00	-999.00	-999.00
1973.12	27.50	-999.00	-999.00	-999.00	-999.00
1973.21	27.90	-999.00	-999.00	-999.00	-999.00
1973.29	26.40	-999.00	-999.00	-999.00	-999.00
1973.37	25.00	-999.00	-999.00	-999.00	-999.00
1973.46	24.90	-999.00	-999.00	25.00	-999.00
1973.54	25.50	-999.00	-999.00	24.87	-999.00
1973.62	25.20	-999.00	-999.00	25.06	-999.00
1973.71	26.00	-999.00	-999.00	-999.00	-999.00
1973.79	26.50	-999.00	-999.00	-999.00	-999.00
1973.87	25.60	-999.00	-999.00	-999.00	-999.00
1973.96	26.50	-999.00	-999.00	-999.00	-999.00
1974.04	26.60	-999.00	-999.00	-999.00	-999.00
1974.12	27.50	-999.00	-999.00	-999.00	-999.00
1974.21	25.90	-999.00	-999.00	-999.00	-999.00
1974.29	25.70	-999.00	-999.00	-999.00	-999.00
1974.37	24.70	-999.00	-999.00	-999.00	-999.00
1974.46	24.80	-999.00	-999.00	-999.00	-999.00
1974.54	23.70	-999.00	-999.00	23.53	-999.00
1974.62	26.10	-999.00	-999.00	-999.00	-999.00
1974.71	26.00	-999.00	-999.00	27.11	-999.00
1974.79	26.70	-999.00	-999.00	-999.00	-999.00
1974.87	26.30	-999.00	-999.00	-999.00	-999.00
1974.96	26.90	-999.00	-999.00	-999.00	-999.00
1975.04	-999.00	-999.00	-999.00	-999.00	-999.00
1975.12	-999.00	-999.00	-999.00	-999.00	-999.00
1975.21	-999.00	-999.00	-999.00	26.50	-999.00
1975.29	-999.00	-999.00	-999.00	25.62	-999.00
1975.37	-999.00	-999.00	-999.00	26.10	-999.00
1975.46	-999.00	-999.00	-999.00	24.23	-999.00
1975.54	-999.00	-999.00	-999.00	24.79	-999.00
1975.62	-999.00	-999.00	-999.00	24.68	-999.00
1975.71	-999.00	-999.00	-999.00	25.60	-999.00
1975.79	-999.00	-999.00	-999.00	26.24	-999.00
1975.87	-999.00	-999.00	-999.00	27.17	-999.00
1975.96	-999.00	-999.00	-999.00	26.04	-999.00
1976.04	-999.00	-999.00	-999.00	27.10	-999.00
1976.12	-999.00	-999.00	-999.00	27.04	-999.00
1976.21	-999.00	-999.00	-999.00	26.91	-999.00
1976.29	-999.00	-999.00	-999.00	25.75	-999.00
1976.37	-999.00	-999.00	-999.00	25.61	-999.00
1976.46	-999.00	-999.00	-999.00	24.79	-999.00
1976.54	-999.00	-999.00	-999.00	25.42	-999.00
1976.62	-999.00	-999.00	-999.00	-999.00	-999.00
1976.71	-999.00	-999.00	-999.00	-999.00	-999.00
1976.79	-999.00	-999.00	-999.00	27.96	-999.00
1976.87	-999.00	-999.00	-999.00	27.40	-999.00
1976.96	-999.00	-999.00	-999.00	26.93	-999.00
1977.04	-999.00	-999.00	-999.00	26.12	-999.00
1977.12	-999.00	-999.00	-999.00	26.24	-999.00
1977.21	-999.00	-999.00	-999.00	26.77	-999.00
1977.29	-999.00	-999.00	-999.00	25.37	-999.00
1977.37	-999.00	-999.00	-999.00	25.57	-999.00
1977.46	-999.00	-999.00	-999.00	25.40	-999.00
1977.54	-999.00	-999.00	-999.00	25.65	-999.00
1977.62	-999.00	-999.00	-999.00	26.20	-999.00
1977.71	-999.00	-999.00	-999.00	27.15	-999.00
1977.79	-999.00	-999.00	-999.00	26.90	-999.00
1977.87	-999.00	-999.00	-999.00	25.82	-999.00
1977.96	-999.00	-999.00	-999.00	26.23	-999.00
1978.04	-999.00	-999.00	-999.00	26.83	-999.00
1978.12	-999.00	-999.00	-999.00	27.37	-999.00
1978.21	-999.00	-999.00	-999.00	26.11	-999.00
1978.29	-999.00	-999.00	-999.00	25.88	-999.00
1978.37	-999.00	-999.00	-999.00	26.06	-999.00
1978.46	-999.00	-999.00	-999.00	-999.00	-999.00
1978.54	-999.00	-999.00	-999.00	25.04	-999.00
1978.62	-999.00	-999.00	-999.00	26.13	-999.00
1978.71	-999.00	-999.00	-999.00	27.31	-999.00
1978.79	-999.00	-999.00	-999.00	26.96	-999.00
1978.87	-999.00	-999.00	-999.00	25.88	-999.00
1978.96	-999.00	-999.00	-999.00	25.67	-999.00
1979.04	-999.00	-999.00	-999.00	-999.00	22.90
1979.12	-999.00	-999.00	-999.00	-999.00	22.50
1979.21	-999.00	-999.00	-999.00	-999.00	23.50
1979.29	-999.00	-999.00	-999.00	-999.00	-999.00
1979.37	-999.00	-999.00	-999.00	-999.00	-999.00
1979.46	-999.00	-999.00	-999.00	-999.00	-999.00
1979.54	-999.00	-999.00	-999.00	-999.00	-999.00
1979.62	-999.00	-999.00	-999.00	-999.00	-999.00
1979.71	-999.00	-999.00	-999.00	-999.00	-999.00
1979.79	-999.00	-999.00	-999.00	-999.00	-999.00
1979.87	-999.00	-999.00	-999.00	-999.00	-999.00
1979.96	-999.00	-999.00	-999.00	-999.00	-999.00
1980.04	-999.00	-999.00	-999.00	-999.00	-999.00
1980.12	-999.00	-999.00	-999.00	-999.00	-999.00
1980.21	-999.00	-999.00	-999.00	-999.00	-999.00
1980.29	-999.00	-999.00	-999.00	-999.00	-999.00
1980.37	-999.00	-999.00	-999.00	-999.00	-999.00
1980.46	-999.00	-999.00	-999.00	-999.00	-999.00
1980.54	-999.00	-999.00	-999.00	-999.00	-999.00
1980.62	-999.00	-999.00	-999.00	-999.00	-999.00
1980.71	-999.00	-999.00	-999.00	-999.00	-999.00
1980.79	-999.00	-999.00	-999.00	-999.00	-999.00
1980.87	-999.00	-999.00	-999.00	-999.00	-999.00
1980.96	-999.00	-999.00	-999.00	-999.00	-999.00
1981.04	-999.00	-999.00	-999.00	-999.00	-999.00
1981.12	-999.00	-999.00	-999.00	-999.00	-999.00
1981.21	-999.00	-999.00	-999.00	-999.00	-999.00
1981.29	-999.00	-999.00	-999.00	-999.00	-999.00
1981.37	-999.00	-999.00	-999.00	-999.00	-999.00
1981.46	-999.00	-999.00	-999.00	-999.00	-999.00
1981.54	-999.00	-999.00	-999.00	-999.00	-999.00
1981.62	-999.00	-999.00	-999.00	-999.00	-999.00
1981.71	-999.00	-999.00	-999.00	-999.00	-999.00
1981.79	-999.00	-999.00	-999.00	-999.00	-999.00
1981.87	-999.00	-999.00	-999.00	-999.00	-999.00
1981.96	-999.00	-999.00	-999.00	-999.00	-999.00
1982.04	-999.00	-999.00	-999.00	-999.00	-999.00
1982.12	-999.00	-999.00	-999.00	-999.00	-999.00
1982.21	-999.00	-999.00	-999.00	-999.00	-999.00
1982.29	-999.00	-999.00	-999.00	-999.00	-999.00
1982.37	-999.00	-999.00	-999.00	-999.00	-999.00
1982.46	-999.00	-999.00	-999.00	-999.00	-999.00
1982.54	-999.00	-999.00	-999.00	-999.00	-999.00
1982.62	-999.00	-999.00	-999.00	-999.00	-999.00
1982.71	-999.00	-999.00	-999.00	-999.00	-999.00
1982.79	-999.00	-999.00	-999.00	-999.00	-999.00
1982.87	-999.00	-999.00	-999.00	-999.00	-999.00
1982.96	-999.00	-999.00	-999.00	-999.00	-999.00
1983.04	-999.00	-999.00	-999.00	-999.00	-999.00
1983.12	-999.00	-999.00	-999.00	-999.00	-999.00
1983.21	-999.00	-999.00	-999.00	-999.00	-999.00
1983.29	-999.00	-999.00	-999.00	-999.00	-999.00
1983.37	-999.00	-999.00	-999.00	-999.00	-999.00
1983.46	-999.00	-999.00	-999.00	-999.00	-999.00
1983.54	-999.00	-999.00	-999.00	-999.00	-999.00
1983.62	-999.00	-999.00	-999.00	-999.00	-999.00
1983.71	-999.00	-999.00	-999.00	-999.00	-999.00
1983.79	-999.00	-999.00	-999.00	-999.00	-999.00
1983.87	-999.00	-999.00	-999.00	-999.00	-999.00
1983.96	-999.00	-999.00	-999.00	-999.00	-999.00
1984.04	-999.00	-999.00	-999.00	-999.00	-999.00
1984.12	-999.00	-999.00	-999.00	-999.00	-999.00
1984.21	-999.00	-999.00	-999.00	-999.00	-999.00
1984.29	-999.00	-999.00	-999.00	-999.00	-999.00
1984.37	-999.00	-999.00	-999.00	-999.00	-999.00
1984.46	-999.00	-999.00	-999.00	-999.00	-999.00
1984.54	-999.00	-999.00	-999.00	-999.00	-999.00
1984.62	-999.00	-999.00	-999.00	-999.00	-999.00
1984.71	-999.00	-999.00	-999.00	-999.00	-999.00
1984.79	-999.00	-999.00	-999.00	-999.00	-999.00
1984.87	-999.00	-999.00	-999.00	-999.00	-999.00
1984.96	-999.00	-999.00	-999.00	-999.00	-999.00
1985.04	-999.00	-999.00	-999.00	-999.00	-999.00
1985.12	-999.00	-999.00	-999.00	-999.00	-999.00
1985.21	-999.00	-999.00	-999.00	-999.00	-999.00
1985.29	-999.00	-999.00	-999.00	-999.00	-999.00
1985.37	-999.00	-999.00	-999.00	-999.00	-999.00
1985.46	-999.00	-999.00	-999.00	-999.00	-999.00
1985.54	-999.00	-999.00	-999.00	-999.00	-999.00
1985.62	-999.00	-999.00	-999.00	-999.00	-999.00
1985.71	-999.00	-999.00	-999.00	-999.00	-999.00
1985.79	-999.00	-999.00	-999.00	-999.00	-999.00
1985.87	-999.00	-999.00	-999.00	-999.00	-999.00
1985.96	-999.00	-999.00	-999.00	-999.00	-999.00
1986.04	-999.00	-999.00	-999.00	-999.00	-999.00
1986.12	-999.00	-999.00	-999.00	-999.00	-999.00
1986.21	-999.00	-999.00	-999.00	-999.00	-999.00
1986.29	-999.00	-999.00	-999.00	-999.00	-999.00
1986.37	-999.00	-999.00	-999.00	-999.00	-999.00
1986.46	-999.00	-999.00	-999.00	-999.00	-999.00
1986.54	-999.00	-999.00	-999.00	-999.00	-999.00
1986.62	-999.00	-999.00	-999.00	-999.00	-999.00
1986.71	-999.00	-999.00	-999.00	-999.00	-999.00
1986.79	-999.00	-999.00	-999.00	-999.00	-999.00
1986.87	-999.00	-999.00	-999.00	-999.00	-999.00
1986.96	-999.00	-999.00	-999.00	-999.00	-999.00
1987.04	-999.00	-999.00	-999.00	-999.00	24.00
1987.12	-999.00	-999.00	-999.00	-999.00	25.90
1987.21	-999.00	-999.00	-999.00	-999.00	27.20
1987.29	-999.00	-999.00	-999.00	-999.00	25.50
1987.37	-999.00	-999.00	-999.00	-999.00	24.20
1987.46	-999.00	-999.00	-999.00	-999.00	22.30
1987.54	-999.00	-999.00	-999.00	-999.00	23.10
1987.62	-999.00	-999.00	-999.00	-999.00	23.90
1987.71	-999.00	-999.00	-999.00	-999.00	26.40
1987.79	-999.00	-999.00	-999.00	-999.00	-999.00
1987.87	-999.00	-999.00	-999.00	-999.00	21.70
1987.96	-999.00	-999.00	-999.00	-999.00	-999.00
1988.04	-999.00	-999.00	-999.00	-999.00	-999.00
1988.12	-999.00	-999.00	-999.00	-999.00	-999.00
1988.21	-999.00	-999.00	-999.00	-999.00	-999.00
1988.29	-999.00	-999.00	-999.00	-999.00	-999.00
1988.37	-999.00	-999.00	-999.00	-999.00	-999.00
1988.46	-999.00	-999.00	-999.00	-999.00	-999.00
1988.54	-999.00	-999.00	-999.00	-999.00	-999.00
1988.62	-999.00	-999.00	-999.00	-999.00	-999.00
1988.71	-999.00	-999.00	-999.00	-999.00	-999.00
1988.79	-999.00	-999.00	-999.00	-999.00	-999.00
1988.87	-999.00	-999.00	-999.00	-999.00	-999.00
1988.96	-999.00	-999.00	-999.00	-999.00	-999.00
1989.04	-999.00	-999.00	-999.00	-999.00	-999.00
1989.12	-999.00	-999.00	-999.00	-999.00	-999.00
1989.21	-999.00	-999.00	-999.00	-999.00	-999.00
1989.29	-999.00	-999.00	-999.00	-999.00	-999.00
1989.37	-999.00	-999.00	-999.00	-999.00	-999.00
1989.46	-999.00	-999.00	-999.00	-999.00	-999.00
1989.54	-999.00	-999.00	-999.00	-999.00	-999.00
1989.62	-999.00	-999.00	-999.00	-999.00	-999.00
1989.71	-999.00	-999.00	-999.00	-999.00	-999.00
1989.79	-999.00	-999.00	-999.00	-999.00	-999.00
1989.87	-999.00	-999.00	-999.00	-999.00	-999.00
1989.96	-999.00	-999.00	-999.00	-999.00	-999.00
1990.04	-999.00	-999.00	-999.00	-999.00	-999.00
1990.12	-999.00	-999.00	-999.00	-999.00	22.60
1990.21	-999.00	-999.00	-999.00	-999.00	-999.00
1990.29	-999.00	-999.00	-999.00	-999.00	-999.00
1990.37	-999.00	-999.00	-999.00	-999.00	-999.00
1990.46	-999.00	-999.00	-999.00	-999.00	-999.00
1990.54	-999.00	-999.00	-999.00	-999.00	24.70
1990.62	-999.00	-999.00	-999.00	-999.00	-999.00
1990.71	-999.00	-999.00	-999.00	-999.00	-999.00
1990.79	-999.00	-999.00	-999.00	-999.00	-999.00
1990.87	-999.00	-999.00	-999.00	-999.00	-999.00
1990.96	-999.00	-999.00	-999.00	-999.00	-999.00
1991.04	-999.00	-999.00	-999.00	-999.00	-999.00
1991.12	-999.00	-999.00	-999.00	-999.00	-999.00
1991.21	-999.00	-999.00	-999.00	-999.00	-999.00
1991.29	-999.00	-999.00	-999.00	-999.00	-999.00
1991.37	-999.00	-999.00	-999.00	-999.00	-999.00
1991.46	-999.00	-999.00	-999.00	-999.00	-999.00
1991.54	-999.00	-999.00	-999.00	-999.00	-999.00
1991.62	-999.00	-999.00	-999.00	-999.00	-999.00
1991.71	-999.00	-999.00	-999.00	-999.00	-999.00
1991.79	-999.00	-999.00	-999.00	-999.00	-999.00
1991.87	-999.00	-999.00	-999.00	-999.00	-999.00
1991.96	-999.00	-999.00	-999.00	-999.00	-999.00
1992.04	-999.00	-999.00	-999.00	-999.00	-999.00
1992.12	-999.00	-999.00	-999.00	-999.00	-999.00
1992.21	-999.00	-999.00	-999.00	-999.00	26.20
1992.29	-999.00	-999.00	-999.00	-999.00	-999.00
1992.37	-999.00	-999.00	-999.00	-999.00	24.30
1992.46	-999.00	-999.00	-999.00	-999.00	-999.00
1992.54	-999.00	-999.00	-999.00	-999.00	23.00
1992.62	-999.00	-999.00	-999.00	-999.00	23.80
1992.71	-999.00	-999.00	-999.00	-999.00	24.70
1992.79	-999.00	-999.00	-999.00	-999.00	-999.00
1992.87	-999.00	-999.00	-999.00	-999.00	-999.00
1992.96	-999.00	-999.00	-999.00	-999.00	-999.00
1993.04	-999.00	-999.00	-999.00	-999.00	-999.00
1993.12	-999.00	-999.00	-999.00	-999.00	-999.00
1993.21	-999.00	-999.00	-999.00	-999.00	-999.00
1993.29	-999.00	-999.00	-999.00	-999.00	-999.00
1993.37	-999.00	-999.00	-999.00	-999.00	-999.00
1993.46	-999.00	-999.00	-999.00	-999.00	-999.00
1993.54	-999.00	-999.00	-999.00	24.75	24.80
1993.62	-999.00	-999.00	-999.00	25.28	24.80
1993.71	-999.00	-999.00	-999.00	26.35	26.00
1993.79	-999.00	-999.00	-999.00	26.99	26.80
1993.87	-999.00	-999.00	-999.00	-999.00	25.80
1993.96	-999.00	-999.00	-999.00	-999.00	25.90
1994.04	-999.00	-999.00	-999.00	27.57	26.70
1994.12	-999.00	-999.00	-999.00	27.55	26.90
1994.21	-999.00	-999.00	-999.00	25.84	25.70
1994.29	-999.00	-999.00	-999.00	25.85	25.60
1994.37	-999.00	-999.00	-999.00	-999.00	-999.00
1994.46	-999.00	-999.00	-999.00	-999.00	-999.00
1994.54	-999.00	-999.00	-999.00	23.98	23.50
1994.62	-999.00	-999.00	-999.00	24.68	24.10
1994.71	-999.00	-999.00	-999.00	25.76	25.20
1994.79	-999.00	-999.00	-999.00	25.18	25.30
1994.87	-999.00	-999.00	-999.00	24.80	24.20
1994.96	-999.00	-999.00	-999.00	25.50	25.10
1995.04	-999.00	-999.00	-999.00	27.19	26.70
1995.12	-999.00	-999.00	-999.00	26.53	26.30
1995.21	-999.00	-999.00	-999.00	26.06	25.90
1995.29	-999.00	-999.00	-999.00	25.99	25.60
1995.37	-999.00	-999.00	-999.00	25.11	24.70
1995.46	-999.00	-999.00	-999.00	24.98	25.10
1995.54	-999.00	-999.00	-999.00	-999.00	-999.00
1995.62	-999.00	-999.00	-999.00	25.69	25.40
1995.71	-999.00	-999.00	-999.00	25.84	25.80
1995.79	-999.00	-999.00	-999.00	25.34	25.10
1995.87	-999.00	-999.00	-999.00	25.96	25.60
1995.96	-999.00	-999.00	-999.00	26.42	26.30
1996.04	-999.00	-999.00	-999.00	25.57	25.50
1996.12	-999.00	-999.00	-999.00	-999.00	-999.00
1996.21	-999.00	-999.00	-999.00	25.21	25.20
1996.29	-999.00	-999.00	-999.00	25.62	25.00
1996.37	-999.00	-999.00	-999.00	-999.00	-999.00
1996.46	-999.00	-999.00	-999.00	24.47	24.40
1996.54	-999.00	-999.00	-999.00	24.69	24.30
1996.62	-999.00	-999.00	-999.00	25.77	25.00
1996.71	-999.00	-999.00	-999.00	25.81	25.40
1996.79	-999.00	-999.00	-999.00	26.76	26.50
1996.87	-999.00	-999.00	-999.00	25.68	25.60
1996.96	-999.00	-999.00	-999.00	26.06	25.40
1997.04	-999.00	-999.00	-999.00	25.72	-999.00
1997.12	-999.00	-999.00	-999.00	-999.00	28.40
1997.21	-999.00	-999.00	-999.00	-999.00	-999.00
1997.29	-999.00	-999.00	-999.00	-999.00	-999.00
1997.37	-999.00	-999.00	-999.00	25.51	25.00
1997.46	-999.00	-999.00	-999.00	25.81	25.40
1997.54	-999.00	-999.00	-999.00	25.88	25.50
1997.62	-999.00	-999.00	-999.00	27.32	26.80
1997.71	-999.00	-999.00	-999.00	30.55	29.40
1997.79	-999.00	-999.00	-999.00	26.87	26.60
1997.87	-999.00	-999.00	-999.00	25.98	25.30
1997.96	-999.00	-999.00	-999.00	25.61	25.50
1998.04	-999.00	-999.00	-999.00	26.77	26.40
1998.12	-999.00	-999.00	-999.00	28.08	27.80
1998.21	-999.00	-999.00	-999.00	28.31	27.90
1998.29	-999.00	-999.00	-999.00	26.74	26.80
1998.37	-999.00	-999.00	-999.00	26.57	26.20
1998.46	-999.00	-999.00	-999.00	26.48	25.60
1998.54	-999.00	-999.00	-999.00	-999.00	25.90
1998.62	-999.00	-999.00	-999.00	25.02	24.70
1998.71	-999.00	-999.00	-999.00	26.04	25.40
1998.79	-999.00	-999.00	-999.00	26.19	25.70
1998.87	-999.00	-999.00	-999.00	26.64	26.60
1998.96	-999.00	-999.00	-999.00	-999.00	-999.00
1999.04	-999.00	-999.00	-999.00	-999.00	25.20
1999.12	-999.00	-999.00	-999.00	-999.00	27.60
1999.21	-999.00	-999.00	-999.00	-999.00	25.60
1999.29	-999.00	-999.00	-999.00	-999.00	24.40
1999.37	-999.00	-999.00	-999.00	-999.00	-999.00
1999.46	-999.00	-999.00	-999.00	25.64	25.60
1999.54	-999.00	-999.00	-999.00	25.30	24.40
1999.62	-999.00	-999.00	-999.00	25.03	24.50
1999.71	-999.00	-999.00	-999.00	25.95	25.80
1999.79	-999.00	-999.00	-999.00	25.82	25.00
1999.87	-999.00	-999.00	-999.00	26.45	26.00
1999.96	-999.00	-999.00	-999.00	-999.00	25.60
2000.04	-999.00	-999.00	-999.00	-999.00	27.10
2000.12	-999.00	-999.00	-999.00	28.06	27.60
2000.21	-999.00	-999.00	-999.00	27.46	26.90
2000.29	-999.00	-999.00	-999.00	25.98	25.20
2000.37	-999.00	-999.00	-999.00	25.96	25.70
2000.46	-999.00	-999.00	-999.00	25.75	25.30
2000.54	-999.00	-999.00	-999.00	25.36	24.90
2000.62	-999.00	-999.00	-999.00	26.06	25.80
2000.71	-999.00	-999.00	-999.00	26.45	26.50
2000.79	-999.00	-999.00	-999.00	25.70	25.20
2000.87	-999.00	-999.00	-999.00	25.52	24.80
2000.96	-999.00	-999.00	-999.00	25.58	25.00
2001.04	-999.00	-999.00	-999.00	25.64	25.30
2001.12	-999.00	-999.00	-999.00	27.26	26.70
2001.21	-999.00	-999.00	-999.00	26.12	25.40
2001.29	-999.00	-999.00	-999.00	25.59	25.30
2001.37	-999.00	-999.00	-999.00	25.42	25.40
2001.46	-999.00	-999.00	-999.00	25.15	25.00
2001.54	-999.00	-999.00	-999.00	24.73	24.50
2001.62	-999.00	-999.00	-999.00	25.96	25.70
2001.71	-999.00	-999.00	-999.00	25.84	25.50
2001.79	-999.00	-999.00	-999.00	26.26	25.90
2001.87	-999.00	-999.00	-999.00	26.23	25.70
2001.96	-999.00	-999.00	-999.00	26.61	26.50
2002.04	-999.00	-999.00	-999.00	25.45	24.90
2002.12	-999.00	-999.00	-999.00	27.50	27.50
2002.21	-999.00	-999.00	-999.00	25.73	25.60
2002.29	-999.00	-999.00	-999.00	26.49	26.10
2002.37	-999.00	-999.00	-999.00	26.06	25.80
2002.46	-999.00	-999.00	-999.00	26.23	25.70
2002.54	-999.00	-999.00	-999.00	25.92	25.80
2002.62	-999.00	-999.00	-999.00	25.44	25.30
2002.71	-999.00	-999.00	-999.00	26.57	26.20
2002.79	-999.00	-999.00	-999.00	26.64	26.50
2002.87	-999.00	-999.00	-999.00	25.91	25.80
2002.96	-999.00	-999.00	-999.00	25.96	25.70
2003.04	-999.00	-999.00	-999.00	-999.00	-999.00
2003.12	-999.00	-999.00	-999.00	27.08	27.40
2003.21	-999.00	-999.00	-999.00	27.08	26.70
2003.29	-999.00	-999.00	-999.00	25.64	25.00
2003.37	-999.00	-999.00	-999.00	26.28	25.90
2003.46	-999.00	-999.00	-999.00	24.37	24.00
2003.54	-999.00	-999.00	-999.00	24.12	23.90
2003.62	-999.00	-999.00	-999.00	-999.00	-999.00
2003.71	-999.00	-999.00	-999.00	-999.00	-999.00
2003.79	-999.00	-999.00	-999.00	-999.00	-999.00
2003.87	-999.00	-999.00	-999.00	-999.00	-999.00
2003.96	-999.00	-999.00	-999.00	-999.00	-999.00
2004.04	-999.00	-999.00	-999.00	-999.00	-999.00
2004.12	-999.00	-999.00	-999.00	-999.00	-999.00
2004.21	-999.00	-999.00	-999.00	-999.00	-999.00
2004.29	-999.00	-999.00	-999.00	-999.00	-999.00
2004.37	-999.00	-999.00	-999.00	-999.00	-999.00
2004.46	-999.00	-999.00	-999.00	-999.00	-999.00
2004.54	-999.00	-999.00	-999.00	-999.00	-999.00
2004.62	-999.00	-999.00	-999.00	-999.00	-999.00
2004.71	-999.00	-999.00	-999.00	26.49	26.30
2004.79	-999.00	-999.00	-999.00	27.69	27.20
2004.87	-999.00	-999.00	-999.00	27.22	26.90
2004.96	-999.00	-999.00	-999.00	26.30	26.20
2005.04	-999.00	-999.00	-999.00	-999.00	-999.00
2005.12	-999.00	-999.00	-999.00	-999.00	-999.00
2005.21	-999.00	-999.00	-999.00	-999.00	-999.00
2005.29	-999.00	-999.00	-999.00	26.59	26.10
2005.37	-999.00	-999.00	-999.00	25.62	25.30
2005.46	-999.00	-999.00	-999.00	25.85	25.60
2005.54	-999.00	-999.00	-999.00	25.48	25.10
2005.62	-999.00	-999.00	-999.00	25.64	25.50
2005.71	-999.00	-999.00	-999.00	26.46	25.40
2005.79	-999.00	-999.00	-999.00	26.58	26.00
2005.87	-999.00	-999.00	-999.00	26.82	26.60
2005.96	-999.00	-999.00	-999.00	28.01	28.20
2006.04	-999.00	-999.00	-999.00	28.09	27.20
2006.12	-999.00	-999.00	-999.00	27.86	26.90
2006.21	-999.00	-999.00	-999.00	25.80	24.80
2006.29	-999.00	-999.00	-999.00	25.46	24.90
2006.37	-999.00	-999.00	-999.00	24.99	24.90
2006.46	-999.00	-999.00	-999.00	25.27	24.90
2006.54	-999.00	-999.00	-999.00	25.26	25.10
2006.62	-999.00	-999.00	-999.00	25.75	25.40
2006.71	-999.00	-999.00	-999.00	26.15	25.60
2006.79	-999.00	-999.00	-999.00	26.67	25.90
2006.87	-999.00	-999.00	-999.00	25.29	24.80
2006.96	-999.00	-999.00	-999.00	25.67	25.60
2007.04	-999.00	-999.00	-999.00	26.94	26.30
2007.12	-999.00	-999.00	-999.00	26.82	26.30
2007.21	-999.00	-999.00	-999.00	27.69	27.10
2007.29	-999.00	-999.00	-999.00	26.47	26.20
2007.37	-999.00	-999.00	-999.00	25.58	24.90
2007.46	-999.00	-999.00	-999.00	24.65	24.40
2007.54	-999.00	-999.00	-999.00	25.39	24.20
2007.62	-999.00	-999.00	-999.00	25.00	24.60
2007.71	-999.00	-999.00	-999.00	25.54	24.30
2007.79	-999.00	-999.00	-999.00	26.56	26.40
2007.87	-999.00	-999.00	-999.00	26.88	26.50
2007.96	-999.00	-999.00	-999.00	27.37	27.00
2008.04	-999.00	-999.00	-999.00	27.23	26.70
2008.12	-999.00	-999.00	-999.00	26.28	26.20
2008.21	-999.00	-999.00	-999.00	26.29	25.20
2008.29	-999.00	-999.00	-999.00	25.84	25.30
2008.37	-999.00	-999.00	-999.00	26.05	25.20
2008.46	-999.00	-999.00	-999.00	25.34	24.80
2008.54	-999.00	-999.00	-999.00	25.84	25.00
2008.62	-999.00	-999.00	-999.00	25.47	24.90
2008.71	-999.00	-999.00	-999.00	26.90	25.70
2008.79	-999.00	-999.00	-999.00	26.07	25.20
2008.87	-999.00	-999.00	-999.00	26.18	25.90
2008.96	-999.00	-999.00	-999.00	26.02	26.20
2009.04	-999.00	-999.00	-999.00	26.37	25.30
2009.12	-999.00	-999.00	-999.00	26.33	25.30
2009.21	-999.00	-999.00	-999.00	26.47	25.90
2009.29	-999.00	-999.00	-999.00	26.08	26.10
2009.37	-999.00	-999.00	-999.00	25.78	25.50
2009.46	-999.00	-999.00	-999.00	26.16	25.70
2009.54	-999.00	-999.00	-999.00	26.10	25.90
2009.62	-999.00	-999.00	-999.00	26.14	26.00
2009.71	-999.00	-999.00	-999.00	26.53	25.90
2009.79	-999.00	-999.00	-999.00	26.48	26.30
2009.87	-999.00	-999.00	-999.00	25.55	25.40
2009.96	-999.00	-999.00	-999.00	25.16	25.00
2010.04	-999.00	-999.00	-999.00	26.58	26.20
2010.12	-999.00	-999.00	-999.00	26.36	25.50
2010.21	-999.00	-999.00	-999.00	26.66	26.00
2010.29	-999.00	-999.00	-999.00	26.37	25.90
2010.37	-999.00	-999.00	-999.00	26.36	25.20
2010.46	-999.00	-999.00	-999.00	26.27	26.00
2010.54	-999.00	-999.00	-999.00	25.57	25.30
2010.62	-999.00	-999.00	-999.00	-999.00	-999.00
2010.71	-999.00	-999.00	-999.00	26.18	25.60
2010.79	-999.00	-999.00	-999.00	-999.00	-999.00
2010.87	-999.00	-999.00	-999.00	26.33	25.40
2010.96	-999.00	-999.00	-999.00	25.66	25.40
2011.04	-999.00	-999.00	-999.00	26.62	26.70
2011.12	-999.00	-999.00	-999.00	27.08	26.70
2011.21	-999.00	-999.00	-999.00	26.42	26.10
2011.29	-999.00	-999.00	-999.00	26.44	26.00
2011.37	-999.00	-999.00	-999.00	25.79	25.20
2011.46	-999.00	-999.00	-999.00	26.19	25.80
2011.54	-999.00	-999.00	-999.00	25.93	26.40
2011.62	-999.00	-999.00	-999.00	25.14	24.70
2011.71	-999.00	-999.00	-999.00	25.40	25.20
2011.79	-999.00	-999.00	-999.00	25.65	25.40
2011.87	-999.00	-999.00	-999.00	25.43	-999.00
2011.96	-999.00	-999.00	-999.00	25.51	-999.00
