Camborne
Location 1627E 407N 87m amsl
Estimated data is marked with a * after the value.
Missing data (more than 2 days missing in month) is marked by  ---.
Sunshine data taken from an automatic Kipp & Zonen sensor marked with a #, otherwise sunshine data taken from a Campbell Stokes recorder.
   yyyy  mm   tmax    tmin      af    rain     sun
              degC    degC    days      mm   hours
   1978   9   17.5    11.3       0    26.7    ---
   1978  10   15.6    10.7       0    20.4    ---
   1978  11   12.6     7.6       0    56.3    ---
   1978  12    9.2     5.0       5   276.7    ---
   1979   1    6.5     0.9      13   134.8    ---
   1979   2    6.7     1.9       5   133.0    ---
   1979   3    8.8     3.6       2   143.8   105.0
   1979   4   10.6     5.5       0    65.9   161.1
   1979   5   12.4     5.8       0    82.3   227.0
   1979   6   16.0    10.4       0    43.2   192.5
   1979   7   18.2    12.1       0    27.9   198.9
   1979   8   17.3    11.8       0    78.6   186.6
   1979   9   16.3    10.9       0    40.0   145.3
   1979  10   14.8     9.6       0   141.6   106.4
   1979  11   11.3     7.1       0    83.1    65.4
   1979  12    9.9     5.6       2   215.2    43.5
   1980   1    7.3     2.0       9   120.3    69.4
   1980   2   10.0     5.8       0   160.2    79.3
   1980   3    8.8     4.2       2   114.5   106.4
   1980   4   11.3     6.5       0    18.4   198.1
   1980   5   14.0     7.4       0    40.2   246.7
   1980   6   16.0    10.5       0    82.8   191.3
   1980   7   16.7    11.5       0    41.7   185.0
   1980   8   18.0    12.8       0    46.6   143.9
   1980   9   17.1    11.7       0    81.7   147.2
   1980  10   12.9     8.2       0   143.8    91.2
   1980  11    9.5     5.7       3   131.4    65.9
   1980  12    9.9     5.6       3    92.8    46.8
   1981   1    9.2     5.1       0    64.6    68.0
   1981   2    7.8     2.8       7    90.6    98.8
   1981   3   10.7     7.0       0   161.7    81.7
   1981   4   11.1     5.7       0    36.2   135.9
   1981   5   12.9     8.1       0   114.2   121.8
   1981   6   15.2    10.1       0    49.0   197.1
   1981   7   17.3    12.4       0    49.8   120.8
   1981   8   19.5    12.7       0     4.4   236.4
   1981   9   18.2    11.7       0   182.3    ---
   1981  10   12.0     7.8       0   150.3    64.6
   1981  11   11.3     7.6       0    48.1    39.9
   1981  12    8.3     3.2       3   202.8    54.1
   1982   1    8.9     4.9       4   111.2    41.9
   1982   2    9.2     5.0       2    88.6    68.6
   1982   3    9.9     4.6       0   142.3   167.9
   1982   4   12.0     5.9       0    31.6   227.1
   1982   5   14.2     8.0       0    34.5   208.0
   1982   6   17.0    11.1       0   114.2   169.9
   1982   7   18.9    12.7       0    40.1   173.9
   1982   8   18.2    12.8       0    67.4   141.9
   1982   9   17.4    11.5       0    82.8   126.4
   1982  10   13.3     8.9       0   167.5    72.6
   1982  11   11.4     7.6       0   175.7    73.7
   1982  12    9.1     4.1       2   148.7    38.4
   1983   1    9.8     5.9       0   133.9    32.8
   1983   2    6.3     1.9       9    32.2    79.6
   1983   3    9.6     5.5       0    62.8    82.6
   1983   4   10.1     4.6       0   156.5   178.4
   1983   5   12.5     7.6       0    89.7   181.7
   1983   6   16.3    10.8       0    29.0   173.0
   1983   7   21.7    14.6       0    26.3   253.1
   1983   8   20.8    13.9       0    15.0   234.5
   1983   9   16.8    11.8       0   115.8   111.5
   1983  10   13.9     9.0       0    84.6   105.3
   1983  11   11.4     7.4       3    62.1    47.6
   1983  12   10.4     6.2       0   145.0    64.6
   1984   1    8.9     3.5       2   208.7    51.9
   1984   2    8.1     3.7       2    57.9    68.9
   1984   3    8.3     3.0       3    62.7   130.2
   1984   4   12.7     6.1       1     4.6   257.2
   1984   5   12.6     7.1       0    76.5   204.0
   1984   6   16.4    10.4       0     6.6   211.9
   1984   7   19.9    12.5       0    54.4   279.7
   1984   8   20.3    13.7       0    46.7   213.6
   1984   9   16.9    12.0       0   117.6   158.5
   1984  10   14.3     9.7       0   109.1   101.3
   1984  11   11.5     6.7       0   189.8    63.7
   1984  12   10.0     5.3       0   112.0    72.2
   1985   1    6.1     0.8      15   128.5    81.3
   1985   2    7.9     4.2       4    57.0    74.8
   1985   3    9.0     3.9       2   112.5   133.1
   1985   4   11.7     6.2       0    94.5   180.7
   1985   5   13.6     8.2       0    52.5   211.0
   1985   6   15.4    10.3       0    74.4   191.5
   1985   7   18.3    12.3       0    45.3   187.5
   1985   8   16.8    11.9       0   142.8   149.8
   1985   9   17.4    11.8       0    51.0   147.4
   1985  10   14.3     9.5       0    53.8   110.8
   1985  11    9.3     4.0       4    85.5    80.7
   1985  12   10.4     6.4       3   174.2    48.2
   1986   1    8.7     4.9       1   150.4    49.6
   1986   2    3.1    -0.8      19    48.3    50.5
   1986   3    9.4     4.1       3   106.3   120.3
   1986   4    8.7     3.3       0    62.3   189.6
   1986   5   12.7     7.7       0    84.2   210.1
   1986   6   16.3    10.2       0    87.4   195.7
   1986   7   17.6    12.3       0    57.5   147.4
   1986   8   15.8    11.0       0   110.3   140.1
   1986   9   14.9     8.4       0    25.1   167.3
   1986  10   14.4     9.6       0   107.6   100.6
   1986  11   11.6     6.5       0   175.0    82.9
   1986  12   10.4     6.0       0   189.8    53.0
   1987   1    5.5     1.4       7    35.6    53.1
   1987   2    8.0     3.4       7    88.5    70.8
   1987   3    8.6     4.1       2    78.6   122.7
   1987   4   13.1     7.2       0    87.8   180.3
   1987   5   12.8     7.7       0    32.3   231.1
   1987   6   15.0    10.1       0    89.8   122.8
   1987   7   18.5    12.7       0    37.8   230.2
   1987   8   18.7    12.9       0    34.0   213.9
   1987   9   17.2    11.8       0    56.0   125.4
   1987  10   13.3     8.4       0   238.5   122.0
   1987  11   10.9     6.9       0   133.5    75.3
   1987  12    9.6     6.2       2    94.3    41.7
   1988   1   10.0     5.5       0   232.2    64.0
   1988   2    8.8     3.9       0    94.4   103.6
   1988   3    9.7     6.0       1   135.5    96.2
   1988   4   11.5     5.9       0    54.2   142.1
   1988   5   14.0     8.4       0    94.9   222.9
   1988   6   16.8    11.4       0    34.1   195.5
   1988   7   16.5    11.6       0   132.2   161.6
   1988   8   17.7    12.1       0   116.0   173.3
   1988   9   16.0    11.7       0    39.2   142.9
   1988  10   14.2     9.6       0   146.5    91.9
   1988  11   11.2     6.5       1    59.7   105.1
   1988  12   11.0     7.9       0    54.4    20.1
   1989   1   10.2     6.0       0    58.9    59.5
   1989   2   10.0     5.3       0   106.9    94.8
   1989   3   10.9     5.9       0   119.8    90.0
   1989   4   10.4     4.4       0    79.6   192.1
   1989   5   16.8    10.1       0     9.3   282.2
   1989   6   17.7    10.6       0    31.9   281.7
   1989   7   20.9    14.4       0    14.3   295.8
   1989   8   20.2    13.6       0    47.3   251.2
   1989   9   17.9    12.2       0    68.2   142.0
   1989  10   15.0    10.9       0   130.9    84.7
   1989  11   11.3     7.2       0   108.4    98.0
   1989  12   10.0     5.7       1   179.8    52.0
   1990   1   10.4     6.3       0   196.0    48.3
   1990   2   11.1     6.2       0   185.1    65.2
   1990   3   11.3     6.6       0    22.0   139.9
   1990   4   11.5     5.1       2    46.1   213.7
   1990   5   16.5    10.0       0    19.2   278.5
   1990   6   16.3    10.5       0    95.1   177.2
   1990   7   19.7    13.3       0    68.8   308.4
   1990   8   20.3    14.4       0    53.4   200.3
   1990   9   17.6    11.8       0    58.0   184.6
   1990  10   15.0    10.9       0    99.7    90.0
   1990  11   10.8     6.8       0   105.1   107.3
   1990  12    8.6     3.9       0   113.2    62.6
   1991   1    7.8     3.1       0   137.8    67.2
   1991   2    6.7     1.6       7    89.8    90.0
   1991   3   10.6     6.1       0   155.0   114.4
   1991   4   11.0     5.8       0   117.0   165.6
   1991   5   13.2     8.3       0     5.8   206.6
   1991   6   14.7    10.2       0   112.6   157.8
   1991   7   17.8    13.1       0    83.1   124.7
   1991   8   19.2    13.4       0    36.7   204.1
   1991   9   18.3    12.8       0    62.0   173.9
   1991  10   13.3     9.0       0   123.2    83.5
   1991  11   10.8     6.5       0    79.3    61.5
   1991  12    9.4     6.0       0    33.1    55.4
   1992   1    7.8     3.2       5    29.6    73.9
   1992   2    9.2     4.6       1    65.0    71.6
   1992   3   10.3     6.3       0    58.2    83.8
   1992   4   11.2     6.3       0   103.9   135.0
   1992   5   15.6     9.5       0    14.7   245.6
   1992   6   17.8    11.2       0     9.9   237.4
   1992   7   19.0    13.5       0    57.7   178.2
   1992   8   17.9    12.4       0   154.4   146.1
   1992   9   15.7    11.0       0    93.1   101.2
   1992  10   12.1     7.1       0    95.7   113.6
   1992  11   12.1     7.4       0   175.1    44.7
   1992  12    8.7     4.4       0   124.3    48.1
   1993   1   10.5     6.0       0   160.8    42.0
   1993   2    8.6     5.5       1    26.8    60.7
   1993   3   10.2     5.3       4    28.7   109.6
   1993   4   12.4     7.6       0   116.4   152.2
   1993   5   14.1     8.0       0   162.9   184.6
   1993   6   16.8    11.3       0   110.9   200.1
   1993   7   17.3    12.8       0   107.1   176.1
   1993   8   18.0    11.8       0    43.1   218.3
   1993   9   16.1    11.0       0   214.0   168.8
   1993  10   12.0     6.7       1    78.9   143.7
   1993  11   10.2     5.4       1   104.5    81.2
   1993  12   10.3     5.8       0   222.7    45.6
   1994   1    9.5     5.5       0   161.2    58.7
   1994   2    9.1     4.0       3   172.1    71.8
   1994   3   10.6     6.8       0    82.9    76.9
   1994   4   10.9     5.6       0    66.3   182.3
   1994   5   13.6     8.3       0    91.5   168.8
   1994   6   16.2    10.7       0    21.6   238.7
   1994   7   19.2    12.9       0    46.0   194.5
   1994   8   18.5    12.5       0    90.1   174.1
   1994   9   16.1    10.1       0    83.4   123.3
   1994  10   14.8     9.0       0   103.6   150.0
   1994  11   13.4     9.0       0    95.5    39.6
   1994  12   11.4     6.4       0   140.6    63.1
   1995   1    9.9     5.0       0   169.6    34.8
   1995   2   10.4     5.6       0   121.2    53.8
   1995   3    9.2     4.4       1    68.8   137.1
   1995   4   11.2     5.8       0    38.9   169.2
   1995   5   14.9     8.2       0    41.0   232.8
   1995   6   17.2    10.9       0    17.8   257.5
   1995   7   20.7    14.2       0    25.6   233.5
   1995   8   22.5    15.4       0    19.0   254.1
   1995   9   16.9    11.7       0   103.2   164.8
   1995  10   16.1    11.6       0   102.6   119.2
   1995  11   12.0     7.1       0    96.0    80.6
   1995  12    8.8     4.1       6   103.2    60.7
   1996   1    9.0     5.3       4   201.4    44.9
   1996   2    7.9     2.5       5   121.6   137.0
   1996   3    8.9     4.2       0    51.0    93.6
   1996   4   11.5     6.2       0    68.4   159.9
   1996   5   12.4     6.0       0    76.8   213.8
   1996   6   16.9    10.5       0    20.6   256.1
   1996   7   18.5    12.4       0    23.2   250.0
   1996   8   18.6    12.5       0    68.6   242.4
   1996   9   17.2    10.5       0    41.4   187.4
   1996  10   14.7    10.6       0    97.8    85.8
   1996  11   10.9     6.3       0   170.6    76.2
   1996  12    7.4     2.5       9    46.4    67.8
   1997   1    6.4     2.1       9    31.0    56.6
   1997   2   10.6     5.4       0   122.6    67.4
   1997   3   11.1     6.4       0    27.6   141.3
   1997   4   13.1     6.1       0    17.0   241.0
   1997   5   15.1     8.8       0    68.8   283.9
   1997   6   15.8    10.9       0   130.4   125.4
   1997   7   19.0    12.3       0    24.8   243.0
   1997   8   20.5    14.9       0   196.6   150.1
   1997   9   17.9    12.2       0    48.6   185.1
   1997  10   15.5    10.7       0    82.6   104.4
   1997  11   12.8     8.1       0   179.4    62.5
   1997  12   10.4     5.5       2   138.0    86.2
   1998   1    9.6     4.5       4   138.6    87.0
   1998   2   10.8     6.0       0    17.2   109.7
   1998   3   11.0     6.6       0   103.2    78.1
   1998   4   10.7     5.7       0   179.4   155.2
   1998   5   15.6     9.9       0    59.4   226.3
   1998   6   16.2    11.1       0   104.6   184.9
   1998   7   17.1    12.6       0    91.8   163.7
   1998   8   18.8    12.4       0    27.7   250.1
   1998   9   17.7    12.9       0    77.2   146.3
   1998  10   14.6    10.0       0   164.8   114.7
   1998  11   10.9     7.2       0   161.6    87.3
   1998  12   10.3     5.2       2   163.8    66.0
   1999   1   10.1     5.3       2   152.0    68.6
   1999   2    9.6     5.5       0    77.0    62.0
   1999   3   10.5     5.6       0    43.8   137.5
   1999   4   12.2     7.3       0    98.4   172.1
   1999   5   15.5    10.2       0    57.0   174.6
   1999   6   16.0    10.6       0    67.8   206.2
   1999   7   19.5    13.6       0     8.4   246.1
   1999   8   19.2    13.6       0   104.4   192.1
   1999   9   18.3    12.5       0   118.9   173.7
   1999  10   14.6     9.7       0    34.2   144.1
   1999  11   11.7     6.9       0    75.6   101.0
   1999  12   10.1     5.6       1   222.2    48.9
   2000   1    8.7     4.3       2    52.4    79.8
   2000   2   10.2     6.1       0   130.4    73.9
   2000   3   10.3     5.6       0    23.6   150.4
   2000   4   11.1     5.7       0    96.8   178.9
   2000   5   15.0     9.0       0    80.2   175.6
   2000   6   16.7    11.4       0    22.8   175.4
   2000   7   18.0    12.8       0    47.8   197.6
   2000   8   19.7    13.6       0    52.8   170.6
   2000   9   18.1    12.5       0   148.8   144.3
   2000  10   13.5     9.0       0   185.2    96.8
   2000  11   10.7     6.5       0   171.0    68.4
   2000  12    9.9     6.2       1   193.4    54.7
   2001   1    8.5     4.3       0   137.8    61.2
   2001   2    9.3     4.7       0    79.0   103.4
   2001   3   10.2     5.3       5   124.6    80.4
   2001   4   11.1     6.6       0   101.0   157.9
   2001   5   15.1     8.9       0    21.6   283.7
   2001   6   17.1    11.0       0    29.4   257.3
   2001   7   18.6    12.7       0    86.2   189.2
   2001   8   19.3    13.5       0    32.4   202.7
   2001   9   17.3    12.1       0    21.8   158.2
   2001  10   16.3    11.6       0   101.4   118.2
   2001  11   12.2     7.2       0    60.4    79.4
   2001  12    8.9     4.2       4    52.6    92.8
   2002   1   10.4     6.2       1   127.4    49.1
   2002   2   10.4     6.1       0   121.4    81.0
   2002   3   11.0     6.1       0    73.6   102.6
   2002   4   12.0     6.2       0    51.6   191.7
   2002   5   13.8     8.4       0   114.2   215.3
   2002   6   14.8    10.3       0    47.2   153.9
   2002   7   17.2    11.8       0    57.2   185.1
   2002   8   18.1    12.9       0    42.4   169.3
   2002   9   18.1    11.3       0    42.4   217.9
   2002  10   14.5     9.7       0   138.6    95.1
   2002  11   12.6     8.7       0   242.2    67.5
   2002  12    9.8     6.2       2   180.0    46.4
   2003   1    8.4     4.3       6    79.7    76.9
   2003   2    8.7     4.0       4    86.8    99.2
   2003   3   11.2     6.6       0    34.6   155.6
   2003   4   13.2     7.2       0    57.0   210.5
   2003   5   14.0     8.9       0    92.4   197.3
   2003   6   17.4    11.1       0    87.0   236.6
   2003   7   19.0    13.5       0   128.0   131.0
   2003   8   21.0    14.2       0    25.6   211.2
   2003   9   18.7    12.0       0    44.6   183.1
   2003  10   13.7     8.9       0    79.2   124.3
   2003  11   12.5     8.1       0    93.0    85.2
   2003  12   10.1     5.6       0   102.6    51.9
   2004   1    9.8     5.4       1   164.6    58.1
   2004   2    8.8     4.0       5    80.9   101.0
   2004   3   10.0     4.8       2    78.2   140.7
   2004   4   11.9     6.9       0    68.8   172.0
   2004   5   15.0     8.9       0    33.6   265.7
   2004   6   18.0    11.9       0    64.6   244.8
   2004   7   17.6    12.4       0    65.2   162.1
   2004   8   19.5    14.1       0   146.6   200.2
   2004   9   17.8    13.0       0    54.4   145.6
   2004  10   13.7     8.8       0   190.6   118.2
   2004  11   11.6     8.4       0    43.2    45.1
   2004  12   10.3     6.0       0    55.4    42.0
   2005   1    9.9     5.9       0    68.6    47.8
   2005   2    7.6     3.2       7    25.8    95.7
   2005   3   10.1     5.4       3    53.8   100.1
   2005   4   11.8     6.6       0    88.2   166.7
   2005   5   13.2     8.1       0    46.6   189.7
   2005   6   17.5    11.8       0    49.6   202.9
   2005   7   18.9    13.6       0    48.0   178.6
   2005   8   19.4    12.4       0    32.0   258.6
   2005   9   18.1    12.5       0    65.2   148.4
   2005  10   15.4    11.5       0   132.0   106.4
   2005  11   11.6     6.2       0   164.5    99.2
   2005  12    9.5     4.4       3    88.4    68.3
   2006   1    8.1     3.8       5    62.2    75.6
   2006   2    7.3     3.1       4    69.6    59.6
   2006   3    8.7     4.4       2    86.0    76.0
   2006   4   11.5     6.5       0    32.0   177.9
   2006   5   14.2     9.0       0    85.2   182.1
   2006   6   18.7    11.4       0    33.4   278.0
   2006   7   21.3    14.4       0    34.8   246.5
   2006   8   18.9    14.0       0    55.4   188.0
   2006   9   19.3    13.9       0    76.6   155.6
   2006  10   16.2    11.7       0   120.8   114.9
   2006  11   12.6     7.4       0   155.6   103.0
   2006  12   10.7     6.6       1   119.6    55.6
   2007   1   10.5     6.4       2    83.4    55.5
   2007   2   10.3     6.4       0   212.8    63.9
   2007   3   10.8     5.8       0    75.8   147.1
   2007   4   14.7     7.9       0    23.8   220.9
   2007   5   14.7     9.8       0   122.0   188.5
   2007   6   17.3    12.2       0   117.0   154.9
   2007   7   17.2    12.5       0   106.8   190.3#
   2007   8   18.1    12.9       0    43.4   239.5#
   2007   9   17.3    11.6       0    29.8   173.7#
   2007  10   15.2    10.2       0    37.4   126.5#
   2007  11   11.9     7.8       0    75.4    60.9#
   2007  12   10.5     6.1       0    80.2    63.3#
   2008   1   10.5     6.4       0   108.4    43.3#
   2008   2   10.3     5.5       0    41.4   115.1#
   2008   3   10.0     5.5       0    82.8   128.3#
   2008   4   11.1     5.8       0    48.8   190.6#
   2008   5   16.3    10.3       0    68.4   197.4#
   2008   6   16.1    10.7       0    34.6   264.4#
   2008   7   17.7    12.9       0   143.4   182.7#
   2008   8   18.0    13.3       0    99.6   101.6#
   2008   9   16.7    10.9       0    76.6   173.5#
   2008  10   13.6     9.2       0   111.8   125.2#
   2008  11   10.9     7.3       0    69.8    64.4#
   2008  12    8.8     4.7       1    85.0    69.9#
   2009   1    8.1     3.7       3   146.0    72.3#
   2009   2    8.0     3.9       2    71.3    56.5#
   2009   3   10.6     5.6       0    48.8   173.9#
   2009   4   12.2     6.5       0   144.2   180.4#
   2009   5   14.4     8.7       0    45.2   199.8#
   2009   6   18.2    11.6       0    18.8   251.0#
   2009   7   17.9    13.3       0   222.2   156.4#
   2009   8   18.2    13.6       0    68.8   123.9#
   2009   9   16.8    11.7       0    37.8   163.4#
   2009  10   15.2    10.7       0    93.4    96.2#
   2009  11   12.3     8.2       0   193.6    56.7#
   2009  12    8.6     4.0       3   101.8    80.5#
   2010   1    6.7     1.8      11   108.8   103.9#
   2010   2    7.7     3.0       3    63.0    95.9#
   2010   3    9.4     3.8       3    76.6   139.2#
   2010   4   12.3     5.9       0    35.6   231.0#
   2010   5   14.1     8.3       0    56.6   209.9#
   2010   6   17.9    11.5       0    34.0   286.0#
   2010   7   18.6    13.6       0    78.2   117.7#
   2010   8   18.1    13.0       0    71.8   154.6#
   2010   9   17.3    12.2       0    83.6   144.9#
   2010  10   14.7     9.5       0    85.6   148.2#
   2010  11   10.2     5.7       4   164.8    84.8#
   2010  12    6.3     1.4      16    48.1    90.9#
   2011   1    8.1     3.5       9   126.2    83.0#
   2011   2   10.3     6.3       0    90.4    58.5#
   2011   3   10.9     4.8       2    25.8   147.4#
   2011   4   15.0     8.5       0    18.4   239.0#
   2011   5   14.6     9.7       0    34.6   169.8#
   2011   6   15.9    10.7       0    78.2   202.7#
   2011   7   17.6    12.5       0    44.6   175.8#
   2011   8   17.6    12.3       0    51.6   149.4#
   2011   9   17.6    12.7       0    80.2   138.9#
   2011  10   15.5    11.3       0   115.6    92.4#
   2011  11   13.4     9.6       0    63.2    74.6#
   2011  12   10.3     6.7       0   134.0    28.8#
   2012   1    9.9     6.5       0    51.6    55.1#
   2012   2    8.8     4.1       7    36.2    74.7#
   2012   3   11.9     6.9       0    22.8   159.4#
   2012   4   10.7     5.5       0   159.8   153.8#
   2012   5   14.5     8.7       0    45.6   179.3#
   2012   6   15.7    11.0       0   142.0   108.6#
   2012   7   17.3    12.3       0   121.8   174.8#
   2012   8   19.0    14.0       0   142.2   136.3#
   2012   9   16.4    11.2       0    64.6   147.1#
   2012  10   14.0     9.5       0   172.2    91.8#
   2012  11   11.0     6.9       0   167.0    61.9#
   2012  12   10.0     5.9       0   202.0    37.4#
   2013   1    8.9     5.1       2   125.2    50.4#
   2013   2    7.7     3.9       3    49.2    80.2#
   2013   3    7.5     2.8       6   106.8    89.1#
   2013   4   10.3     5.4       1    42.2   160.5#
   2013   5   12.5     7.3       0    87.4   227.2#
   2013   6   15.9    10.7       0    48.2   190.2#
   2013   7   20.8    14.1       0    31.2   278.3#
   2013   8   19.2    14.0       0    87.6   173.3#
   2013   9   17.3    12.4       0    62.0   114.4#
   2013  10   15.8    11.7       0   160.8    76.5#
   2013  11   11.0     6.7       0    94.4    60.1#
   2013  12   10.7     5.9       0   175.6    44.5#
   2014   1   10.0     5.1       0   218.4    43.0#
   2014   2    9.6     4.7       0   190.4    85.1#
   2014   3   10.3     5.7       0    67.0    94.1#
   2014   4   12.3     7.4       0    81.4   154.9#  Provisional
   2014   5   14.5     9.0       0    70.0   183.2#  Provisional
   2014   6   17.8    11.6       0    64.8   265.9#  Provisional
   2014   7   20.3    14.3       0    28.6   204.7#  Provisional
   2014   8   18.6    12.5       0    92.8   200.2#  Provisional
